13	0	2048	2048	2048	0
14	2048	2048	2048	2048	0
1133	0	1536	512	512	0
1134	512	1536	512	512	0
11313	0	1280	256	256	0
11314	256	1280	256	256	1	67
11311	0	1024	256	256	0
11312	256	1024	256	256	0
1131	0	1024	512	512	0
1132	512	1024	512	512	0
113	0	1024	1024	1024	0
1143	1024	1536	512	512	0
1144	1536	1536	512	512	0
1141	1024	1024	512	512	0
11423	1536	1280	256	256	0
11424	1792	1280	256	256	0
11421	1536	1024	256	256	2	22	26
11422	1792	1024	256	256	2	26	122
1142	1536	1024	512	512	0
114	1024	1024	1024	1024	0
11133	0	768	256	256	0
11134	256	768	256	256	0
11131	0	512	256	256	2	3	4
11132	256	512	256	256	8	3	4	5	6	10	160	163	164
1113	0	512	512	512	0
11143	512	768	256	256	0
11144	768	768	256	256	0
11141	512	512	256	256	13	3	7	10	12	155	156	157	158	159	161	162	163	164
11142	768	512	256	256	10	3	8	9	12	151	152	153	154	161	164
1114	512	512	512	512	0
11113	0	256	256	256	3	1	2	196
11114	256	256	256	256	5	2	11	181	183	196
11111	0	0	256	256	2	0	1
11112	256	0	256	256	4	181	182	183	184
1111	0	0	512	512	0
11123	512	256	256	256	6	11	162	175	177	178	181
11124	768	256	256	256	5	11	173	177	178	179
11121	512	0	256	256	6	175	176	177	178	181	182
11122	768	0	256	256	5	173	174	177	178	179
1112	512	0	512	512	0
111	0	0	1024	1024	0
11233	1024	768	256	256	1	13
11234	1280	768	256	256	2	13	19
11231	1024	512	256	256	7	3	12	147	148	149	150	161
11232	1280	512	256	256	10	12	16	17	19	20	21	144	145	188	198
1123	1024	512	512	512	0
11243	1536	768	256	256	13	22	23	24	25	26	29	108	109	118	119	120	121	199
11244	1792	768	256	256	13	26	29	30	104	105	104	107	118	119	120	121	122	199
11241	1536	512	256	256	13	20	21	27	114	115	115	118	119	120	121	138	139	201
11242	1792	512	256	256	15	27	31	116	118	119	120	121	122	138	139	140	141	142	143	143
1124	1536	512	512	512	0
11213	1024	256	256	256	7	11	169	171	177	178	179	180
11214	1280	256	256	256	12	11	14	15	16	18	20	165	167	177	178	179	180
11211	1024	0	256	256	8	169	170	171	172	177	178	179	180
11212	1280	0	256	256	9	15	165	166	167	168	177	178	179	180
1121	1024	0	512	512	0
11223	1536	256	256	256	6	20	138	139	178	179	180
11224	1792	256	256	256	5	138	139	140	141	180
11221	1536	0	256	256	3	178	179	180
11222	1792	0	256	256	1	180
1122	1536	0	512	512	0
112	1024	0	1024	1024	0
11	0	0	2048	2048	0
1233	2048	1536	512	512	0
1234	2560	1536	512	512	0
12313	2048	1280	256	256	0
12314	2304	1280	256	256	0
12311	2048	1024	256	256	4	26	122	123	186
12312	2304	1024	256	256	3	122	123	186
1231	2048	1024	512	512	0
12323	2560	1280	256	256	0
12324	2816	1280	256	256	0
12321	2560	1024	256	256	3	122	123	186
12322	2816	1024	256	256	3	122	123	186
1232	2560	1024	512	512	0
123	2048	1024	1024	1024	0
12433	3072	1792	256	256	1	87
12434	3328	1792	256	256	1	87
12431	3072	1536	256	256	1	87
12432	3328	1536	256	256	1	87
1243	3072	1536	512	512	0
12443	3584	1792	256	256	1	87
12444	3840	1792	256	256	1	87
12441	3584	1536	256	256	4	53	54	58	87
12442	3840	1536	256	256	4	53	54	87	195
1244	3584	1536	512	512	0
12413	3072	1280	256	256	1	87
12414	3328	1280	256	256	1	87
12411	3072	1024	256	256	7	41	42	87	122	123	186	200
12412	3328	1024	256	256	5	42	87	122	123	200
1241	3072	1024	512	512	0
12423	3584	1280	256	256	11	50	55	56	57	58	61	62	65	66	87	187
12424	3840	1280	256	256	15	50	51	52	55	57	59	60	63	64	87	191	192	193	194	195
12421	3584	1024	256	256	13	44	45	46	47	50	66	76	78	87	122	123	187	190
12422	3840	1024	256	256	11	46	48	49	50	51	63	64	78	87	122	123
1242	3584	1024	512	512	0
124	3072	1024	1024	1024	0
12133	2048	768	256	256	16	26	33	100	101	102	103	110	118	119	120	121	122	123	126	186	199
12134	2304	768	256	256	12	38	96	97	98	99	110	111	122	123	126	186	199
12131	2048	512	256	256	19	27	28	31	32	118	119	120	121	122	123	124	125	127	128	136	137	139	140	141
12132	2304	512	256	256	14	28	34	38	122	123	127	128	129	134	135	139	140	141	203
1213	2048	512	512	512	0
12143	2560	768	256	256	12	38	92	93	94	95	110	111	112	113	122	123	186
12144	2816	768	256	256	13	38	88	89	90	91	110	111	112	113	122	123	185	186
12141	2560	512	256	256	14	34	35	37	38	122	123	130	131	132	133	141	189	197	203
12142	2816	512	256	256	8	36	38	122	123	185	189	197	202
1214	2560	512	512	512	0
12113	2048	256	256	256	3	139	140	141
12114	2304	256	256	256	3	139	140	141
12111	2048	0	256	256	0
12112	2304	0	256	256	0
1211	2048	0	512	512	0
12123	2560	256	256	256	3	132	133	141
12124	2816	256	256	256	1	185
12121	2560	0	256	256	0
12122	2816	0	256	256	0
1212	2560	0	512	512	0
121	2048	0	1024	1024	0
12233	3072	768	256	256	12	40	42	84	85	86	87	111	112	113	122	123	186
12234	3328	768	256	256	10	42	43	80	81	80	86	87	113	122	123
12231	3072	512	256	256	3	39	122	123
12232	3328	512	256	256	2	122	123
1223	3072	512	512	512	0
12243	3584	768	256	256	13	43	46	72	73	74	75	77	78	79	87	122	123	190
12244	3840	768	256	256	11	46	49	68	69	70	71	78	83	87	122	123
12241	3584	512	256	256	2	122	123
12242	3840	512	256	256	2	122	123
1224	3584	512	512	512	0
1221	3072	0	512	512	0
1222	3584	0	512	512	0
122	3072	0	1024	1024	0
12	2048	0	2048	2048	0
1	0	0	4096	4096	0
