81
16
16
256
102
0 0 0 0 0 0 0 0 0 0 0 0 0 0 0 0 0 0 0 0 0 0 0 0 0 0 0 0 0 0 0 0 0 0 0 0 0 0 0 0 0 0 0 0 0 0 0 0 0 0 0 0 0 0 0 0 0 0 0 0 0 0 0 0 0 0 0 0 0 0 0 0 0 0 0 0 0 0 0 0 0 0 0 0 0 0 0 0 0 0 0 0 0 0 0 0 0 0 0 0 0 0 0 0 0 0 0 0 0 0 0 0 0 0 0 0 0 0 0 0 0 0 0 0 0 0 0 0 0 0 0 0 0 0 0 0 0 0 0 0 0 0 0 0 0 0 0 0 0 0 0 0 0 0 0 0 0 0 0 0 0 0 0 0 0 0 0 0 0 0 0 0 0 0 0 0 0 0 0 0 0 0 0 0 0 0 0 0 0 0 0 0 0 0 0 0 0 0 0 0 0 0 0 0 0 0 0 0 0 0 0 0 0 0 0 0 0 0 0 0 0 0 0 0 0 0 0 0 0 0 0 0 0 0 0 0 0 0 0 0 0 0 0 0 0 0 0 0 0 0 0 0 0 0 0 0 
0 0 0 0 0 0 0 0 0 0 0 0 0 0 0 0 0 0 0 0 0 0 0 0 0 0 0 0 0 0 0 0 0 0 0 0 0 0 0 0 0 0 0 0 0 0 0 0 0 0 0 0 0 0 0 0 0 0 0 0 0 0 0 0 0 0 0 0 0 0 0 0 0 0 0 0 0 0 0 0 0 0 0 0 0 0 0 0 0 0 0 0 0 0 0 0 0 0 0 0 0 0 0 0 0 0 0 0 0 0 0 0 0 0 0 0 0 0 0 0 0 0 0 0 0 0 0 0 0 0 0 0 0 0 0 0 0 0 0 0 0 0 0 0 0 0 0 0 0 0 0 0 0 0 0 0 0 0 0 0 0 0 0 0 0 0 0 0 0 0 0 0 0 0 0 0 0 0 0 0 0 0 0 0 0 0 0 0 0 0 0 0 0 0 0 0 0 0 0 0 0 0 0 0 0 0 0 0 0 0 0 0 0 0 0 0 0 0 0 0 0 0 0 0 0 0 0 0 0 0 0 0 0 0 0 0 0 0 0 0 0 0 0 0 0 0 0 0 0 0 0 0 0 0 0 0 
0 0 0 0 0 0 0 0 0 0 0 0 0 0 0 0 0 0 0 0 0 0 0 0 0 0 0 0 0 0 0 0 0 0 0 0 0 0 0 0 0 0 0 0 0 0 0 0 0 0 0 0 0 0 0 0 0 0 0 0 0 0 0 0 0 0 0 0 0 0 0 0 0 0 0 0 0 0 0 0 0 0 0 0 0 0 0 0 0 0 0 0 0 0 0 0 0 0 0 0 0 0 0 0 0 0 0 0 0 0 0 0 0 0 0 0 0 0 0 0 0 0 0 0 0 0 0 0 0 0 0 0 0 0 0 0 0 0 0 0 0 0 0 0 0 0 0 0 0 0 0 0 0 0 0 0 0 0 0 0 0 0 0 0 0 0 0 0 0 0 0 0 0 0 0 0 0 0 0 0 0 0 0 0 0 0 0 0 0 0 0 0 0 0 0 0 0 0 0 0 0 0 0 0 0 0 0 0 0 0 0 0 0 0 0 0 0 0 0 0 0 0 0 0 0 0 0 0 0 0 0 0 0 0 0 0 0 0 0 0 0 0 0 0 0 0 0 0 0 0 0 0 0 0 0 0 
0 0 0 0 0 0 0 0 0 0 0 0 0 0 0 0 0 0 0 0 0 0 0 0 0 0 0 0 0 0 0 0 0 0 0 0 0 0 0 0 0 0 0 0 0 0 0 0 0 0 0 0 0 0 0 0 0 0 0 0 0 0 0 0 0 0 0 0 0 0 0 0 0 0 0 0 0 0 0 0 0 0 0 0 0 0 0 0 0 0 0 0 0 0 0 0 0 0 0 0 0 0 0 0 0 0 0 0 0 0 0 0 0 0 0 0 0 0 0 0 0 0 0 0 0 0 0 0 0 0 0 0 0 0 0 0 0 0 0 0 0 0 0 0 0 0 0 0 0 0 0 0 0 0 0 0 0 0 0 0 0 0 0 0 0 0 0 0 0 0 0 0 0 0 0 0 0 0 0 0 0 0 0 0 0 0 0 0 0 0 0 0 0 0 0 0 0 0 0 0 0 0 0 0 0 0 0 0 0 0 0 0 0 0 0 0 0 0 0 0 0 0 0 0 0 0 0 0 0 0 0 0 0 0 0 0 0 0 0 0 0 0 0 0 0 0 0 0 0 0 0 0 0 0 0 0 
0 0 0 0 0 0 0 0 0 0 0 0 0 0 0 0 0 0 0 0 0 0 0 0 0 0 0 0 0 0 0 0 0 0 0 0 0 0 0 0 0 0 0 0 0 0 0 0 0 0 0 0 0 0 0 0 0 0 0 0 0 0 0 0 0 0 0 0 0 0 0 0 0 0 0 0 0 0 0 0 0 0 0 0 0 0 0 0 0 0 0 0 0 0 0 0 0 0 0 0 0 0 0 0 0 0 0 0 0 0 0 0 0 0 0 0 0 0 0 0 0 0 0 0 0 0 0 0 0 0 0 0 0 0 0 0 0 0 0 0 0 0 0 0 0 0 0 0 0 0 0 0 0 0 0 0 0 0 0 0 0 0 0 0 0 0 0 0 0 0 0 0 0 0 0 0 0 0 0 0 0 0 0 0 0 0 0 0 0 0 0 0 0 0 0 0 0 0 0 0 0 0 0 0 0 0 0 0 0 0 0 0 0 0 0 0 0 0 0 0 0 0 0 0 0 0 0 0 0 0 0 0 0 0 0 0 0 0 0 0 0 0 0 0 0 0 0 0 0 0 0 0 0 0 0 0 
0 0 0 0 0 0 0 0 0 0 0 0 0 0 0 0 0 0 0 0 0 0 0 0 0 0 0 0 0 0 0 0 0 0 0 0 0 0 0 0 0 0 0 0 0 0 0 0 0 0 0 0 0 0 0 0 0 0 0 0 0 0 0 0 0 0 0 0 0 0 0 0 0 0 0 0 0 0 0 0 0 0 0 0 0 0 0 0 0 0 0 0 0 0 0 0 0 0 0 0 0 0 0 0 0 0 0 0 0 0 0 0 0 0 0 0 0 0 0 0 0 0 0 0 0 0 0 0 0 0 0 0 0 0 0 0 0 0 0 0 0 0 0 0 0 0 0 0 0 0 0 0 0 0 0 0 0 0 0 0 0 0 0 0 0 0 0 0 0 0 0 0 0 0 0 0 0 0 0 0 0 0 0 0 0 0 0 0 0 0 0 0 0 0 0 0 0 0 0 0 0 0 0 0 0 0 0 0 0 0 0 0 0 0 0 0 0 0 0 0 0 0 0 0 0 0 0 0 0 0 0 0 0 0 0 0 0 0 0 0 0 0 0 0 0 0 0 0 0 0 0 0 0 0 0 0 
1 2 1 2 0 0 0 0 0 0 0 0 0 3 4 0 0 0 0 0 0 0 0 0 5 6 7 0 8 9 8 9 8 9 8 9 8 9 8 9 8 9 8 9 8 9 8 9 8 9 8 9 8 9 8 9 8 9 8 9 8 9 8 9 8 9 8 9 8 9 8 9 8 9 8 9 8 9 8 9 8 9 8 9 8 9 8 9 8 9 8 9 1 2 1 2 0 0 0 0 0 0 0 0 0 0 0 0 0 0 0 0 0 0 0 0 0 0 0 0 0 0 0 0 0 0 0 0 0 0 0 0 0 0 0 0 0 0 0 0 0 0 0 0 0 0 0 0 0 0 0 0 0 0 0 0 0 0 0 0 0 0 0 0 0 0 0 0 0 0 0 0 0 0 0 0 0 0 0 0 0 0 0 0 0 0 0 0 0 0 0 0 0 0 0 0 0 0 0 0 0 0 0 0 0 0 0 0 0 0 0 0 0 0 0 0 0 0 0 0 0 0 0 0 0 0 0 0 0 0 0 0 0 0 0 0 0 0 0 0 0 0 0 0 0 0 0 0 0 0 0 0 0 0 0 0 
10 11 10 11 0 0 0 0 0 0 0 0 3 12 12 4 0 0 0 0 0 0 0 0 5 6 7 0 13 14 14 13 13 14 14 13 13 14 14 13 13 14 14 13 13 14 14 13 13 14 14 13 13 14 14 13 13 14 14 13 13 14 14 13 13 14 14 13 13 14 14 13 13 14 14 13 13 14 14 13 13 14 14 13 13 14 14 13 13 14 14 13 10 11 10 11 0 0 0 0 0 0 0 0 0 0 0 0 0 0 0 0 0 0 0 0 0 0 0 0 0 0 0 0 0 0 0 0 0 0 0 0 0 0 0 0 0 0 0 0 0 0 0 0 0 0 0 0 0 0 0 0 0 0 0 0 0 0 0 0 0 0 0 0 0 0 0 0 0 0 0 0 0 0 0 0 0 0 0 0 0 0 0 0 0 0 0 0 0 0 0 0 0 0 0 0 0 0 0 0 0 0 0 0 0 0 0 0 0 0 0 0 0 0 0 0 0 0 0 0 0 0 0 0 0 0 0 0 0 0 0 0 0 0 0 0 0 0 0 0 0 0 0 0 0 0 0 0 0 0 0 0 0 0 0 0 
1 2 1 2 0 0 0 0 0 0 0 0 12 12 12 12 0 0 0 0 0 0 0 0 5 6 7 0 13 13 14 14 13 13 14 14 15 16 17 18 5 6 19 20 15 16 17 18 9 8 9 21 15 16 17 18 9 8 9 21 15 16 17 18 9 8 9 21 15 16 17 18 9 8 9 21 15 16 17 18 9 8 9 21 15 16 17 18 9 22 9 22 1 2 1 2 0 0 0 0 0 0 0 0 0 0 0 0 0 0 0 0 0 0 0 0 0 0 0 0 0 0 0 0 0 0 0 0 0 0 0 0 0 0 0 0 0 0 0 0 0 0 0 0 0 0 0 0 0 0 0 0 0 0 0 0 0 0 0 0 0 0 0 0 0 0 0 0 0 0 0 0 0 0 0 0 0 0 0 0 0 0 0 0 0 0 0 0 0 0 0 0 0 0 0 0 0 0 0 0 0 0 0 0 0 0 0 0 0 0 0 0 0 0 0 0 0 0 0 0 0 0 0 0 0 0 0 0 0 0 0 0 0 0 0 0 0 0 0 0 0 0 0 0 0 0 0 0 0 0 0 0 0 0 0 0 
10 11 10 11 0 0 0 0 0 0 0 0 12 12 12 12 0 0 0 0 0 0 0 0 5 6 7 0 14 13 13 13 14 13 13 13 0 0 0 23 24 25 26 27 0 0 0 23 28 8 29 27 0 0 0 23 28 8 29 27 0 0 0 23 28 8 29 27 0 0 0 23 28 8 29 27 0 0 0 23 28 8 29 27 0 0 0 23 8 9 8 9 10 11 10 11 0 0 0 0 0 0 0 0 0 0 0 0 0 0 0 0 0 0 0 0 0 0 0 0 0 0 0 0 0 0 0 0 0 0 0 0 0 0 0 0 0 0 0 0 0 0 0 0 0 0 0 0 0 0 0 0 0 0 0 0 0 0 0 0 0 0 0 0 0 0 0 0 0 0 0 0 0 0 0 0 0 0 0 0 0 0 0 0 0 0 0 0 0 0 0 0 0 0 0 0 0 0 0 0 0 0 0 0 0 0 0 0 0 0 0 0 0 0 0 0 0 0 0 0 0 0 0 0 0 0 0 0 0 0 0 0 0 0 0 0 0 0 0 0 0 0 0 0 0 0 0 0 0 0 0 0 0 0 0 0 
1 2 1 2 0 0 0 0 0 3 4 0 12 12 12 12 0 3 4 0 0 0 0 0 5 6 7 0 8 9 8 9 8 9 8 9 0 0 0 0 5 6 7 0 0 0 0 0 5 6 7 0 0 0 0 0 5 6 7 0 0 0 0 0 5 6 7 0 0 0 0 0 5 6 7 0 0 0 0 0 5 6 7 0 0 0 0 0 9 22 9 22 1 2 1 2 0 0 0 0 0 0 0 0 0 0 0 0 0 0 0 0 0 0 0 0 0 0 0 0 0 0 0 0 0 0 0 0 0 0 0 0 0 0 0 0 0 0 0 0 0 0 0 0 0 0 0 0 0 0 0 0 0 0 0 0 0 0 0 0 0 0 0 0 0 0 0 0 0 0 0 0 0 0 0 0 0 0 0 0 0 0 0 0 0 0 0 0 0 0 0 0 0 0 0 0 0 0 0 0 0 0 0 0 0 0 0 0 0 0 0 0 0 0 0 0 0 0 0 0 0 0 0 0 0 0 0 0 0 0 0 0 0 0 0 0 0 0 0 0 0 0 0 0 0 0 0 0 0 0 0 0 0 0 0 0 
10 11 10 11 0 0 0 0 0 12 12 0 12 12 12 12 0 12 12 0 0 0 0 0 5 6 7 0 13 14 14 13 13 14 14 13 0 0 0 0 5 6 7 0 0 0 0 0 5 6 7 0 0 0 0 0 5 6 7 0 0 0 0 0 5 6 7 0 0 0 0 0 5 6 7 0 0 0 0 0 5 6 7 0 0 0 0 0 8 9 8 9 10 11 10 11 0 0 0 0 0 0 0 0 0 0 0 0 0 0 0 0 0 0 0 0 0 0 0 0 0 0 0 0 0 0 0 0 0 0 0 0 0 0 0 0 0 0 0 0 0 0 0 0 0 0 0 0 0 0 0 0 0 0 0 0 0 0 0 0 0 0 0 0 0 0 0 0 0 0 0 0 0 0 0 0 0 0 0 0 0 0 0 0 0 0 0 0 0 0 0 0 0 0 0 0 0 0 0 0 0 0 0 0 0 0 0 0 0 0 0 0 0 0 0 0 0 0 0 0 0 0 0 0 0 0 0 0 0 0 0 0 0 0 0 0 0 0 0 0 0 0 0 0 0 0 0 0 0 0 0 0 0 0 0 0 
1 2 1 2 0 0 0 0 0 12 12 0 12 12 12 12 0 12 12 0 0 0 0 0 5 6 7 0 9 22 9 22 9 22 9 22 0 30 31 0 5 6 7 0 0 30 31 0 5 6 7 0 0 30 31 0 5 6 7 0 0 30 31 0 5 6 7 0 0 30 31 0 5 6 7 0 0 30 31 0 5 6 7 0 0 30 31 0 9 22 9 22 1 2 1 2 0 0 0 0 0 0 0 0 0 0 0 0 0 0 0 0 0 0 0 0 0 0 0 0 0 0 0 0 0 0 0 0 0 0 0 0 0 0 0 0 0 0 0 0 0 0 0 0 0 0 0 0 0 0 0 0 0 0 0 0 0 0 0 0 0 0 0 0 0 0 0 0 0 0 0 0 0 0 0 0 0 0 0 0 0 0 0 0 0 0 0 0 0 0 0 0 0 0 0 0 0 0 0 0 0 0 0 0 0 0 0 0 0 0 0 0 0 0 0 0 0 0 0 0 0 0 0 0 0 0 0 0 0 0 0 0 0 0 0 0 0 0 0 0 0 0 0 0 0 0 0 0 0 0 0 0 0 0 0 0 
10 11 10 11 0 0 0 0 0 12 12 0 12 12 12 12 0 12 12 0 0 0 0 0 5 6 7 0 8 9 8 9 8 9 8 9 0 32 33 0 5 6 7 0 0 32 33 0 5 6 7 0 0 32 33 0 5 6 7 0 0 32 33 0 5 6 7 0 0 32 33 0 5 6 7 0 0 32 33 0 5 6 7 0 0 32 33 0 8 9 8 9 10 11 10 11 0 0 0 0 0 0 0 0 0 0 0 0 0 0 0 0 0 0 0 0 0 0 0 0 0 0 0 0 0 0 0 0 0 0 0 0 0 0 0 0 0 0 0 0 0 0 0 0 0 0 0 0 0 0 0 0 0 0 0 0 0 0 0 0 0 0 0 0 0 0 0 0 0 0 0 0 0 0 0 0 0 0 0 0 0 0 0 0 0 0 0 0 0 0 0 0 0 0 0 0 0 0 0 0 0 0 0 0 0 0 0 0 0 0 0 0 0 0 0 0 0 0 0 0 0 0 0 0 0 0 0 0 0 0 0 0 0 0 0 0 0 0 0 0 0 0 0 0 0 0 0 0 0 0 0 0 0 0 0 0 
1 2 1 2 0 3 4 0 0 12 12 0 12 12 12 12 0 12 12 0 0 3 4 0 5 6 7 0 9 22 9 22 9 22 9 22 0 34 33 0 5 6 7 0 0 34 33 0 5 6 7 0 0 34 33 0 5 6 7 0 0 34 33 0 5 6 7 0 0 34 33 0 5 6 7 0 0 34 33 0 5 6 7 0 0 34 33 0 9 22 9 22 1 2 1 2 0 0 0 0 0 0 0 0 0 0 0 0 0 0 0 0 0 0 0 0 0 0 0 0 0 0 0 0 0 0 0 0 0 0 0 0 0 0 0 0 0 0 0 0 0 0 0 0 0 0 0 0 0 0 0 0 0 0 0 0 0 0 0 0 0 0 0 0 0 0 0 0 0 0 0 0 0 0 0 0 0 0 0 0 0 0 0 0 0 0 0 0 0 0 0 0 0 0 0 0 0 0 0 0 0 0 0 0 0 0 0 0 0 0 0 0 0 0 0 0 0 0 0 0 0 0 0 0 0 0 0 0 0 0 0 0 0 0 0 0 0 0 0 0 0 0 0 0 0 0 0 0 0 0 0 0 0 0 0 0 
10 11 10 11 0 12 12 0 0 12 12 0 12 12 12 12 0 12 12 0 0 12 12 0 5 6 7 0 8 9 8 9 8 9 8 9 0 34 33 0 5 6 7 0 0 34 33 0 5 6 7 0 0 34 33 0 5 6 7 0 0 34 33 0 5 6 7 0 0 34 33 0 5 6 7 0 0 34 33 0 5 6 7 0 0 34 33 0 8 9 8 9 10 11 10 11 0 0 0 0 0 0 0 0 0 0 0 0 0 0 0 0 0 0 0 0 0 0 0 0 0 0 0 0 0 0 0 0 0 0 0 0 0 0 0 0 0 0 0 0 0 0 0 0 0 0 0 0 0 0 0 0 0 0 0 0 0 0 0 0 0 0 0 0 0 0 0 0 0 0 0 0 0 0 0 0 0 0 0 0 0 0 0 0 0 0 0 0 0 0 0 0 0 0 0 0 0 0 0 0 0 0 0 0 0 0 0 0 0 0 0 0 0 0 0 0 0 0 0 0 0 0 0 0 0 0 0 0 0 0 0 0 0 0 0 0 0 0 0 0 0 0 0 0 0 0 0 0 0 0 0 0 0 0 0 0 
0 35 36 22 0 12 12 0 0 12 12 0 0 0 0 0 0 12 12 0 0 12 12 0 5 6 7 0 9 22 9 22 9 22 9 22 0 32 33 0 5 6 7 0 0 32 33 0 5 6 7 0 0 32 33 0 5 6 7 0 0 32 33 0 5 6 7 0 0 32 33 0 5 6 7 0 0 32 33 0 5 6 7 0 0 32 33 0 9 22 9 22 1 2 1 2 0 0 0 0 0 0 0 0 0 0 0 0 0 0 0 0 0 0 0 0 0 0 0 0 0 0 0 0 0 0 0 0 0 0 0 0 0 0 0 0 0 0 0 0 0 0 0 0 0 0 0 0 0 0 0 0 0 0 0 0 0 0 0 0 0 0 0 0 0 0 0 0 0 0 0 0 0 0 0 0 0 0 0 0 0 0 0 0 0 0 0 0 0 0 0 0 0 0 0 0 0 0 0 0 0 0 0 0 0 0 0 0 0 0 0 0 0 0 0 0 0 0 0 0 0 0 0 0 0 0 0 0 0 0 0 0 0 0 0 0 0 0 0 0 0 0 0 0 0 0 0 0 0 0 0 0 0 0 0 0 
0 37 38 9 0 12 12 0 0 12 12 0 0 39 40 0 0 12 12 0 0 12 12 0 5 6 7 0 8 9 8 9 8 9 8 9 0 32 33 0 5 6 7 0 0 32 33 0 5 6 7 0 0 32 33 0 5 6 7 0 0 32 33 0 5 6 7 0 0 32 33 0 5 6 7 0 0 32 33 0 5 6 7 0 0 32 33 0 8 9 8 9 10 11 10 11 0 0 0 0 0 0 0 0 0 0 0 0 0 0 0 0 0 0 0 0 0 0 0 0 0 0 0 0 0 0 0 0 0 0 0 0 0 0 0 0 0 0 0 0 0 0 0 0 0 0 0 0 0 0 0 0 0 0 0 0 0 0 0 0 0 0 0 0 0 0 0 0 0 0 0 0 0 0 0 0 0 0 0 0 0 0 0 0 0 0 0 0 0 0 0 0 0 0 0 0 0 0 0 0 0 0 0 0 0 0 0 0 0 0 0 0 0 0 0 0 0 0 0 0 0 0 0 0 0 0 0 0 0 0 0 0 0 0 0 0 0 0 0 0 0 0 0 0 0 0 0 0 0 0 0 0 0 0 0 0 
0 35 41 36 0 12 12 0 0 12 12 0 42 43 44 45 0 12 12 0 0 12 12 0 5 6 7 0 9 22 9 22 9 22 9 22 0 34 33 0 5 6 7 0 0 34 33 0 5 6 7 0 0 34 33 0 5 6 7 0 0 34 33 0 5 6 7 0 0 34 33 0 5 6 7 0 0 34 33 0 5 6 7 0 0 34 33 0 9 22 9 22 1 2 1 2 0 0 0 0 0 0 0 0 0 0 0 0 0 0 0 0 0 0 0 0 0 0 0 0 0 0 0 0 0 0 0 0 0 0 0 0 0 0 0 0 0 0 0 0 0 0 0 0 0 0 0 0 0 0 0 0 0 0 0 0 0 0 0 0 0 0 0 0 0 0 0 0 0 0 0 0 0 0 0 0 0 0 0 0 0 0 0 0 0 0 0 0 0 0 0 0 0 0 0 0 0 0 0 0 0 0 0 0 0 0 0 0 0 0 0 0 0 0 0 0 0 0 0 0 0 0 0 0 0 0 0 0 0 0 0 0 0 0 0 0 0 0 0 0 0 0 0 0 0 0 0 0 0 0 0 0 0 0 0 0 
0 46 47 48 0 12 12 0 0 12 12 0 0 49 50 0 0 12 12 0 0 12 12 0 5 6 7 0 8 9 8 9 8 9 8 9 0 34 33 0 5 6 7 0 0 34 33 0 5 6 7 0 0 34 33 0 5 6 7 0 0 34 33 0 5 6 7 0 0 34 33 0 5 6 7 0 0 34 33 0 5 6 7 0 0 34 33 0 8 9 8 9 10 11 10 11 0 0 0 0 0 0 0 0 0 0 0 0 0 0 0 0 0 0 0 0 0 0 0 0 0 0 0 0 0 0 0 0 0 0 0 0 0 0 0 0 0 0 0 0 0 0 0 0 0 0 0 0 0 0 0 0 0 0 0 0 0 0 0 0 0 0 0 0 0 0 0 0 0 0 0 0 0 0 0 0 0 0 0 0 0 0 0 0 0 0 0 0 0 0 0 0 0 0 0 0 0 0 0 0 0 0 0 0 0 0 0 0 0 0 0 0 0 0 0 0 0 0 0 0 0 0 0 0 0 0 0 0 0 0 0 0 0 0 0 0 0 0 0 0 0 0 0 0 0 0 0 0 0 0 0 0 0 0 0 0 
0 37 51 52 53 54 53 54 53 54 53 54 55 56 57 58 53 54 53 54 53 54 53 54 5 6 7 0 1 2 1 2 1 2 1 2 1 2 1 2 1 2 1 2 1 2 1 2 1 2 1 2 1 2 1 2 1 2 1 2 1 2 1 2 1 2 1 2 1 2 1 2 1 2 1 2 1 2 1 2 1 2 1 2 1 2 1 2 9 22 9 22 1 2 1 2 0 0 0 0 0 0 0 0 0 0 0 0 0 0 0 0 0 0 0 0 0 0 0 0 0 0 0 0 0 0 0 0 0 0 0 0 0 0 0 0 0 0 0 0 0 0 0 0 0 0 0 0 0 0 0 0 0 0 0 0 0 0 0 0 0 0 0 0 0 0 0 0 0 0 0 0 0 0 0 0 0 0 0 0 0 0 0 0 0 0 0 0 0 0 0 0 0 0 0 0 0 0 0 0 0 0 0 0 0 0 0 0 0 0 0 0 0 0 0 0 0 0 0 0 0 0 0 0 0 0 0 0 0 0 0 0 0 0 0 0 0 0 0 0 0 0 0 0 0 0 0 0 0 0 0 0 0 0 0 0 
0 35 47 51 54 53 41 53 54 53 41 53 0 59 60 0 54 53 41 53 54 53 41 53 5 6 7 0 10 11 10 11 10 11 10 11 10 11 10 11 10 11 10 11 10 11 10 11 10 11 10 11 10 11 10 11 10 11 10 11 10 11 10 11 10 11 10 11 10 11 10 11 10 11 10 11 10 11 10 11 10 11 10 11 10 11 10 11 8 9 8 9 10 11 10 11 0 0 0 0 0 0 0 0 0 0 0 0 0 0 0 0 0 0 0 0 0 0 0 0 0 0 0 0 0 0 0 0 0 0 0 0 0 0 0 0 0 0 0 0 0 0 0 0 0 0 0 0 0 0 0 0 0 0 0 0 0 0 0 0 0 0 0 0 0 0 0 0 0 0 0 0 0 0 0 0 0 0 0 0 0 0 0 0 0 0 0 0 0 0 0 0 0 0 0 0 0 0 0 0 0 0 0 0 0 0 0 0 0 0 0 0 0 0 0 0 0 0 0 0 0 0 0 0 0 0 0 0 0 0 0 0 0 0 0 0 0 0 0 0 0 0 0 0 0 0 0 0 0 0 0 0 0 0 0 0 
1 2 1 2 1 2 1 2 1 2 1 2 1 2 1 2 1 2 1 2 1 2 1 2 1 2 1 2 9 22 9 22 9 22 9 22 9 22 9 22 9 22 9 22 9 22 9 22 9 22 9 22 9 22 9 22 9 22 9 22 9 22 9 22 9 22 9 22 9 22 9 22 9 22 9 22 9 22 9 22 9 22 9 22 9 22 9 22 61 62 1 2 1 2 1 2 0 0 0 0 0 0 0 0 0 0 0 0 0 0 0 0 0 0 0 0 0 0 0 0 0 0 0 0 0 0 0 0 0 0 0 0 0 0 0 0 0 0 0 0 0 0 0 0 0 0 0 0 0 0 0 0 0 0 0 0 0 0 0 0 0 0 0 0 0 0 0 0 0 0 0 0 0 0 0 0 0 0 0 0 0 0 0 0 0 0 0 0 0 0 0 0 0 0 0 0 0 0 0 0 0 0 0 0 0 0 0 0 0 0 0 0 0 0 0 0 0 0 0 0 0 0 0 0 0 0 0 0 0 0 0 0 0 0 0 0 0 0 0 0 0 0 0 0 0 0 0 0 0 0 0 0 0 0 0 0 
10 11 10 11 10 11 10 11 10 11 10 11 10 11 10 11 10 11 10 11 10 11 10 11 10 11 10 11 8 9 8 9 8 9 8 9 8 9 8 9 8 9 8 9 8 9 8 9 8 9 8 9 8 9 8 9 8 9 8 9 8 9 8 9 8 9 8 9 8 9 8 9 8 9 8 9 8 9 8 9 8 9 8 9 8 9 8 9 62 8 10 11 10 11 10 11 0 0 0 0 0 0 0 0 0 0 0 0 0 0 0 0 0 0 0 0 0 0 0 0 0 0 0 0 0 0 0 0 0 0 0 0 0 0 0 0 0 0 0 0 0 0 0 0 0 0 0 0 0 0 0 0 0 0 0 0 0 0 0 0 0 0 0 0 0 0 0 0 0 0 0 0 0 0 0 0 0 0 0 0 0 0 0 0 0 0 0 0 0 0 0 0 0 0 0 0 0 0 0 0 0 0 0 0 0 0 0 0 0 0 0 0 0 0 0 0 0 0 0 0 0 0 0 0 0 0 0 0 0 0 0 0 0 0 0 0 0 0 0 0 0 0 0 0 0 0 0 0 0 0 0 0 0 0 0 0 
13 13 14 14 13 13 14 14 13 13 14 14 13 13 14 14 13 13 14 14 13 13 14 14 13 13 14 14 13 13 14 14 13 13 14 14 15 16 17 18 9 8 9 21 15 16 17 18 9 8 9 21 15 16 17 18 9 8 9 21 15 16 17 18 9 8 9 21 15 16 17 18 9 8 9 21 15 16 17 18 9 8 9 21 9 22 63 62 9 22 9 22 1 2 1 2 0 0 0 0 0 0 0 0 0 0 0 0 0 0 0 0 0 0 0 0 0 0 0 0 0 0 0 0 0 0 0 0 0 0 0 0 0 0 0 0 0 0 0 0 0 0 0 0 0 0 0 0 0 0 0 0 0 0 0 0 0 0 0 0 0 0 0 0 0 0 0 0 0 0 0 0 0 0 0 0 0 0 0 0 0 0 0 0 0 0 0 0 0 0 0 0 0 0 0 0 0 0 0 0 0 0 0 0 0 0 0 0 0 0 0 0 0 0 0 0 0 0 0 0 0 0 0 0 0 0 0 0 0 0 0 0 0 0 0 0 0 0 0 0 0 0 0 0 0 0 0 0 0 0 0 0 0 0 0 0 
14 13 13 13 14 13 13 13 14 13 13 13 14 13 13 13 14 13 13 13 14 13 13 13 14 13 13 13 14 13 13 13 14 13 13 13 0 0 0 23 28 8 29 27 0 0 0 23 28 8 29 27 0 0 0 23 28 8 29 27 0 0 0 23 28 8 29 27 0 0 0 23 28 8 29 27 0 0 0 23 28 8 29 27 8 63 62 9 8 9 8 9 10 11 10 11 0 0 0 0 0 0 0 0 0 0 0 0 0 0 0 0 0 0 0 0 0 0 0 0 0 0 0 0 0 0 0 0 0 0 0 0 0 0 0 0 0 0 0 0 0 0 0 0 0 0 0 0 0 0 0 0 0 0 0 0 0 0 0 0 0 0 0 0 0 0 0 0 0 0 0 0 0 0 0 0 0 0 0 0 0 0 0 0 0 0 0 0 0 0 0 0 0 0 0 0 0 0 0 0 0 0 0 0 0 0 0 0 0 0 0 0 0 0 0 0 0 0 0 0 0 0 0 0 0 0 0 0 0 0 0 0 0 0 0 0 0 0 0 0 0 0 0 0 0 0 0 0 0 0 0 0 0 0 0 0 
8 9 8 9 8 9 8 9 8 9 8 9 8 9 8 9 8 9 8 9 8 9 8 9 8 9 8 9 8 9 8 9 8 9 8 9 0 0 0 0 5 6 7 0 0 0 0 0 5 6 7 0 0 0 0 0 5 6 7 0 0 0 0 0 5 6 7 0 0 0 0 0 5 6 7 0 0 0 0 0 5 6 7 0 63 62 9 22 9 22 9 22 1 2 1 2 0 0 0 0 0 0 0 0 0 0 0 0 0 0 0 0 0 0 0 0 0 0 0 0 0 0 0 0 0 0 0 0 0 0 0 0 0 0 0 0 0 0 0 0 0 0 0 0 0 0 0 0 0 0 0 0 0 0 0 0 0 0 0 0 0 0 0 0 0 0 0 0 0 0 0 0 0 0 0 0 0 0 0 0 0 0 0 0 0 0 0 0 0 0 0 0 0 0 0 0 0 0 0 0 0 0 0 0 0 0 0 0 0 0 0 0 0 0 0 0 0 0 0 0 0 0 0 0 0 0 0 0 0 0 0 0 0 0 0 0 0 0 0 0 0 0 0 0 0 0 0 0 0 0 0 0 0 0 0 0 
13 14 14 13 13 14 14 13 13 14 14 13 13 14 14 13 13 14 14 13 13 14 14 13 13 14 14 13 13 14 14 13 13 14 14 13 0 0 0 0 5 6 7 0 0 0 0 0 5 6 7 0 0 0 0 0 5 6 7 0 0 0 0 0 5 6 7 0 0 0 0 0 5 6 7 0 0 0 0 0 5 6 7 0 62 9 8 9 8 9 8 9 10 11 10 11 0 0 0 0 0 0 0 0 0 0 0 0 0 0 0 0 0 0 0 0 0 0 0 0 0 0 0 0 0 0 0 0 0 0 0 0 0 0 0 0 0 0 0 0 0 0 0 0 0 0 0 0 0 0 0 0 0 0 0 0 0 0 0 0 0 0 0 0 0 0 0 0 0 0 0 0 0 0 0 0 0 0 0 0 0 0 0 0 0 0 0 0 0 0 0 0 0 0 0 0 0 0 0 0 0 0 0 0 0 0 0 0 0 0 0 0 0 0 0 0 0 0 0 0 0 0 0 0 0 0 0 0 0 0 0 0 0 0 0 0 0 0 0 0 0 0 0 0 0 0 0 0 0 0 0 0 0 0 0 0 
0 0 0 0 0 0 0 0 0 0 0 0 0 0 0 0 0 0 0 0 0 0 0 0 0 0 0 0 0 0 0 0 0 0 0 0 0 0 0 0 0 0 0 0 0 0 0 0 0 0 0 0 0 0 0 0 0 0 0 0 0 0 0 0 0 0 0 0 0 0 0 0 0 0 0 0 0 0 0 0 0 0 0 0 0 0 0 0 0 0 0 0 0 0 0 0 0 0 0 0 0 0 0 0 0 0 0 0 0 0 0 0 0 0 0 0 0 0 0 0 0 0 0 0 0 0 0 0 0 0 0 0 0 0 0 0 0 0 0 0 0 0 0 0 0 0 0 0 0 0 0 0 0 0 0 0 0 0 0 0 0 0 0 0 0 0 0 0 0 0 0 0 0 0 0 0 0 0 0 0 0 0 0 0 0 0 0 0 0 0 0 0 0 0 0 0 0 0 0 0 0 0 0 0 0 0 0 0 0 0 0 0 0 0 0 0 0 0 0 0 0 0 0 0 0 0 0 0 0 0 0 0 0 0 0 0 0 0 0 0 0 0 0 0 0 0 0 0 0 0 0 0 0 0 0 0 
0 0 0 0 0 0 0 0 0 0 0 0 0 0 0 0 0 0 0 0 0 0 0 0 0 0 0 0 0 0 0 0 0 0 0 0 0 0 0 0 0 0 0 0 0 0 0 0 0 0 0 0 0 0 0 0 0 0 0 0 0 0 0 0 0 0 0 0 0 0 0 0 0 0 0 0 0 0 0 0 0 0 0 0 0 0 0 0 0 0 0 0 0 0 0 0 0 0 0 0 0 0 0 0 0 0 0 0 0 0 0 0 0 0 0 0 0 0 0 0 0 0 0 0 0 0 0 0 0 0 0 0 0 0 0 0 0 0 0 0 0 0 0 0 0 0 0 0 0 0 0 0 0 0 0 0 0 0 0 0 0 0 0 0 0 0 0 0 0 0 0 0 0 0 0 0 0 0 0 0 0 0 0 0 0 0 0 0 0 0 0 0 0 0 0 0 0 0 0 0 0 0 0 0 0 0 0 0 0 0 0 0 0 0 0 0 0 0 0 0 0 0 0 0 0 0 0 0 0 0 0 0 0 0 0 0 0 0 0 0 0 0 0 0 0 0 0 0 0 0 0 0 0 0 0 0 
1 2 1 2 8 9 8 9 8 9 8 9 8 9 8 9 8 9 8 9 8 9 8 9 8 9 8 9 8 9 8 9 9 22 9 22 0 0 0 0 5 6 7 0 0 0 0 0 5 6 7 0 0 0 0 0 5 6 7 0 0 0 0 0 5 6 7 0 0 0 0 0 5 6 7 0 0 0 0 0 9 22 9 22 63 62 9 22 9 22 9 22 1 2 1 2 1 2 1 2 5 6 7 0 9 32 33 9 5 6 7 0 9 22 9 22 5 6 7 0 9 32 33 9 5 6 7 0 64 52 41 38 9 22 9 22 9 22 9 22 22 65 66 9 9 22 9 22 5 6 7 0 9 32 33 9 5 6 7 0 9 22 9 22 5 6 7 0 9 22 9 22 5 6 7 0 9 22 9 22 5 6 7 0 9 32 33 9 1 2 1 2 0 0 0 0 0 0 0 0 0 0 0 0 0 0 0 0 0 0 0 0 0 0 0 0 0 0 0 0 0 0 0 0 0 0 0 0 0 0 0 0 0 0 0 0 0 0 0 0 0 0 0 0 0 0 0 0 0 0 0 0 0 0 0 0 
10 11 10 11 13 14 14 13 13 14 14 13 13 14 14 13 13 14 14 13 13 14 14 13 13 14 14 13 13 14 14 13 8 9 8 9 0 0 0 0 5 6 7 0 0 0 0 0 5 6 7 0 0 0 0 0 5 6 7 0 0 0 0 0 5 6 7 0 0 0 0 0 5 6 7 0 0 0 0 0 8 9 8 9 62 9 8 9 8 9 8 9 10 11 10 11 10 11 10 11 5 6 7 0 9 34 33 9 5 6 7 0 8 9 8 9 5 6 7 0 9 34 33 9 5 6 7 0 47 51 47 48 8 9 8 9 8 9 8 9 9 20 29 22 8 9 8 9 5 6 7 0 9 34 33 9 5 6 7 0 8 9 8 9 5 6 7 0 8 9 8 9 5 6 7 0 8 9 8 9 5 6 7 0 9 34 33 9 10 11 10 11 0 0 0 0 0 0 0 0 0 0 0 0 0 0 0 0 0 0 0 0 0 0 0 0 0 0 0 0 0 0 0 0 0 0 0 0 0 0 0 0 0 0 0 0 0 0 0 0 0 0 0 0 0 0 0 0 0 0 0 0 0 0 0 0 
1 2 1 2 15 16 17 18 9 8 9 21 15 16 17 18 9 8 9 21 15 16 17 18 9 8 9 21 15 16 17 18 64 52 41 38 0 0 0 0 5 6 7 0 0 0 0 0 5 6 7 0 0 0 0 0 5 6 7 0 0 0 0 0 5 6 7 0 0 0 0 0 5 6 7 0 0 0 0 0 9 22 63 62 64 52 41 38 9 9 36 22 1 2 1 2 1 2 1 2 5 6 7 0 9 22 9 22 5 6 7 0 67 27 23 68 5 6 7 0 9 22 9 22 5 6 7 0 47 41 52 48 9 22 9 22 9 22 9 22 9 22 9 22 67 27 23 68 5 6 7 0 47 41 52 48 5 6 7 0 9 22 9 22 5 6 7 0 9 22 9 22 5 6 7 0 67 27 23 68 5 6 7 0 9 9 36 22 1 2 1 2 0 0 0 0 0 0 0 0 0 0 0 0 0 0 0 0 0 0 0 0 0 0 0 0 0 0 0 0 0 0 0 0 0 0 0 0 0 0 0 0 0 0 0 0 0 0 0 0 0 0 0 0 0 0 0 0 0 0 0 0 0 0 0 0 
10 11 10 11 0 0 0 23 28 8 29 27 0 0 0 23 28 8 29 27 0 0 0 23 28 8 29 27 0 0 0 23 47 51 47 48 0 0 0 0 5 6 7 0 0 0 0 0 5 6 7 0 0 0 0 0 5 6 7 0 0 0 0 0 5 6 7 0 0 0 0 0 5 6 7 0 0 0 0 0 8 63 62 9 47 51 47 48 8 64 38 36 10 11 10 11 10 11 10 11 5 6 7 0 8 9 8 9 5 6 7 0 9 30 31 9 5 6 7 0 8 9 8 9 5 6 7 0 65 69 70 71 8 9 8 9 8 9 8 9 8 9 8 9 9 30 31 9 5 6 7 0 65 69 70 71 5 6 7 0 8 9 8 9 5 6 7 0 8 9 8 9 5 6 7 0 9 30 31 9 5 6 7 0 9 64 38 9 10 11 10 11 0 0 0 0 0 0 0 0 0 0 0 0 0 0 0 0 0 0 0 0 0 0 0 0 0 0 0 0 0 0 0 0 0 0 0 0 0 0 0 0 0 0 0 0 0 0 0 0 0 0 0 0 0 0 0 0 0 0 0 0 0 0 0 0 
1 2 1 2 0 0 0 0 5 6 7 0 0 0 0 0 5 6 7 0 0 0 0 0 5 6 7 0 0 0 0 0 1 2 1 2 1 2 1 2 1 2 1 2 1 2 1 2 1 2 1 2 1 2 1 2 1 2 1 2 1 2 1 2 1 2 1 2 1 2 1 2 1 2 1 2 1 2 1 2 1 2 1 2 1 2 1 2 1 2 1 2 1 2 1 2 1 2 1 2 5 6 7 0 9 22 9 22 5 6 7 0 9 32 33 9 5 6 7 0 9 22 9 22 5 6 7 0 22 65 66 9 9 22 9 22 9 22 9 22 9 22 9 22 9 32 33 9 5 6 7 0 22 65 66 9 5 6 7 0 9 22 9 22 5 6 7 0 9 22 9 22 1 2 1 2 9 32 33 9 5 6 7 0 64 52 41 38 1 2 1 2 0 0 0 0 0 0 0 0 0 0 0 0 0 0 0 0 0 0 0 0 0 0 0 0 0 0 0 0 0 0 0 0 0 0 0 0 0 0 0 0 0 0 0 0 0 0 0 0 0 0 0 0 0 0 0 0 0 0 0 0 0 0 0 0 
10 11 10 11 0 0 0 0 5 6 7 0 0 0 0 0 5 6 7 0 0 0 0 0 5 6 7 0 0 0 0 0 10 11 10 11 10 11 10 11 10 11 10 11 10 11 10 11 10 11 10 11 10 11 10 11 10 11 10 11 10 11 10 11 10 11 10 11 10 11 10 11 10 11 10 11 10 11 10 11 10 11 10 11 10 11 10 11 10 11 10 11 10 11 10 11 10 11 10 11 5 6 7 0 8 9 8 9 5 6 7 0 9 34 33 9 5 6 7 0 8 9 8 9 5 6 7 0 9 20 29 22 8 9 8 9 8 9 8 9 8 9 8 9 9 34 33 9 5 6 7 0 9 20 29 22 5 6 7 0 8 9 8 9 5 6 7 0 8 9 8 9 10 11 10 11 9 34 33 9 5 6 7 0 47 51 47 48 10 11 10 11 0 0 0 0 0 0 0 0 0 0 0 0 0 0 0 0 0 0 0 0 0 0 0 0 0 0 0 0 0 0 0 0 0 0 0 0 0 0 0 0 0 0 0 0 0 0 0 0 0 0 0 0 0 0 0 0 0 0 0 0 0 0 0 0 
1 2 1 2 53 54 53 54 5 6 7 0 53 54 53 54 5 6 7 0 53 54 53 54 5 6 7 0 0 0 0 0 9 22 9 22 15 16 17 18 9 8 9 21 15 16 17 18 9 8 9 21 15 16 17 18 9 8 9 21 15 16 17 18 9 8 9 21 15 16 17 18 9 8 9 21 15 16 17 18 5 6 7 0 9 22 9 22 9 22 9 22 47 41 52 48 0 35 36 22 5 6 7 0 9 9 36 22 5 6 7 0 9 9 36 22 5 6 7 0 9 9 36 22 5 6 7 0 9 22 9 22 9 22 9 22 67 27 23 68 9 9 36 22 9 22 9 22 5 6 7 0 9 9 36 22 5 6 7 0 9 9 36 22 5 6 7 0 67 27 23 68 5 6 7 0 9 9 36 22 5 6 7 0 64 52 41 38 1 2 1 2 0 0 0 0 0 0 0 0 0 0 0 0 0 0 0 0 0 0 0 0 0 0 0 0 0 0 0 0 0 0 0 0 0 0 0 0 0 0 0 0 0 0 0 0 0 0 0 0 0 0 0 0 0 0 0 0 0 0 0 0 0 0 0 0 
10 11 10 11 54 53 54 53 5 6 7 0 54 53 54 53 5 6 7 0 54 53 54 53 5 6 7 0 0 0 0 0 8 9 8 9 0 0 0 23 28 8 29 27 0 72 73 23 28 8 29 27 0 72 73 23 28 8 29 27 0 72 73 23 28 8 29 27 0 0 0 23 28 8 29 27 0 0 0 23 5 6 7 0 8 9 8 9 8 9 8 9 65 69 70 71 0 37 38 9 5 6 7 0 8 64 38 36 5 6 7 0 8 64 38 36 5 6 7 0 8 64 38 36 5 6 7 0 8 9 8 9 8 9 8 9 9 30 31 9 8 64 38 36 8 9 8 9 5 6 7 0 9 64 38 9 5 6 7 0 8 64 38 36 5 6 7 0 9 30 31 9 5 6 7 0 8 64 38 36 5 6 7 0 47 51 47 48 10 11 10 11 0 0 0 0 0 0 0 0 0 0 0 0 0 0 0 0 0 0 0 0 0 0 0 0 0 0 0 0 0 0 0 0 0 0 0 0 0 0 0 0 0 0 0 0 0 0 0 0 0 0 0 0 0 0 0 0 0 0 0 0 0 0 0 0 
1 2 1 2 53 54 53 54 5 6 7 0 53 54 53 54 5 6 7 0 53 54 53 54 5 6 7 0 1 2 1 2 9 22 9 22 0 0 0 0 5 6 7 0 0 72 73 0 5 6 7 0 0 72 73 0 5 6 7 0 0 72 73 0 5 6 7 0 0 0 0 0 5 6 7 0 0 0 0 0 5 6 7 0 9 22 9 22 9 22 9 22 22 65 66 9 0 35 41 36 5 6 7 0 1 2 1 2 1 2 1 2 1 2 1 2 1 2 1 2 1 2 1 2 1 2 1 2 9 22 9 22 9 22 9 22 9 32 33 9 1 2 1 2 9 22 9 22 5 6 7 0 64 52 41 38 1 2 1 2 1 2 1 2 1 2 1 2 9 32 33 9 5 6 7 0 1 2 1 2 1 2 1 2 1 2 1 2 1 2 1 2 0 0 0 0 0 0 0 0 0 0 0 0 0 0 0 0 0 0 0 0 0 0 0 0 0 0 0 0 0 0 0 0 0 0 0 0 0 0 0 0 0 0 0 0 0 0 0 0 0 0 0 0 0 0 0 0 0 0 0 0 0 0 0 0 
10 11 10 11 54 53 54 53 5 6 7 0 54 53 54 53 5 6 7 0 54 53 54 53 5 6 7 0 10 11 10 11 8 9 8 9 0 0 0 0 5 6 7 0 0 72 73 0 5 6 7 0 74 74 74 74 5 6 7 0 74 74 74 74 5 6 7 0 0 0 0 0 5 6 7 0 0 0 0 0 5 6 7 0 8 9 8 9 8 9 8 9 9 20 29 22 0 46 47 48 5 6 7 0 10 11 10 11 10 11 10 11 10 11 10 11 10 11 10 11 10 11 10 11 10 11 10 11 8 9 8 9 8 9 8 9 9 34 33 9 10 11 10 11 8 9 8 9 5 6 7 0 47 51 47 48 10 11 10 11 10 11 10 11 10 11 10 11 9 34 33 9 5 6 7 0 10 11 10 11 10 11 10 11 10 11 10 11 10 11 10 11 0 0 0 0 0 0 0 0 0 0 0 0 0 0 0 0 0 0 0 0 0 0 0 0 0 0 0 0 0 0 0 0 0 0 0 0 0 0 0 0 0 0 0 0 0 0 0 0 0 0 0 0 0 0 0 0 0 0 0 0 0 0 0 0 
1 2 1 2 53 54 53 54 5 6 7 0 53 54 53 54 5 6 7 0 53 54 75 62 1 2 1 2 9 22 9 22 9 9 36 22 0 0 0 0 5 6 7 0 0 72 73 0 5 6 7 0 0 0 0 0 5 6 7 0 0 0 0 0 5 6 7 0 53 54 53 54 5 6 7 0 53 54 53 54 5 6 7 0 9 22 9 22 64 52 41 38 9 9 36 22 0 37 51 52 5 6 7 0 47 41 52 48 9 8 9 21 15 16 17 18 9 8 9 21 15 16 17 18 9 8 9 21 9 22 9 22 9 22 9 22 9 22 9 22 9 8 9 21 9 9 36 22 5 6 19 20 15 16 17 18 9 8 9 21 15 16 17 18 5 6 7 0 64 52 41 38 5 6 19 20 15 16 17 18 9 8 9 21 15 16 17 18 1 2 1 2 0 0 0 0 0 0 0 0 0 0 0 0 0 0 0 0 0 0 0 0 0 0 0 0 0 0 0 0 0 0 0 0 0 0 0 0 0 0 0 0 0 0 0 0 0 0 0 0 0 0 0 0 0 0 0 0 0 0 0 0 0 0 0 0 
10 11 10 11 54 53 54 53 5 6 7 0 54 53 54 53 5 6 7 0 54 75 62 9 10 11 10 11 8 9 8 9 9 64 38 9 0 0 0 0 5 6 7 0 74 74 74 74 5 6 7 0 0 0 0 0 5 6 7 0 0 0 0 0 5 6 7 0 54 53 54 53 5 6 7 0 54 53 54 53 5 6 7 0 8 9 8 9 47 51 47 48 8 64 38 36 0 35 47 51 5 6 7 0 65 69 70 71 28 8 29 27 0 0 0 23 28 8 29 27 0 0 0 23 28 8 29 27 8 9 8 9 8 9 8 9 8 9 8 9 28 8 29 27 9 64 38 9 24 25 26 27 0 0 0 23 28 8 29 27 0 0 0 23 5 6 7 0 47 51 47 48 24 25 26 27 0 0 0 23 28 8 29 27 0 0 0 23 10 11 10 11 0 0 0 0 0 0 0 0 0 0 0 0 0 0 0 0 0 0 0 0 0 0 0 0 0 0 0 0 0 0 0 0 0 0 0 0 0 0 0 0 0 0 0 0 0 0 0 0 0 0 0 0 0 0 0 0 0 0 0 0 0 0 0 0 
1 2 1 2 53 54 53 54 5 6 7 0 53 54 53 54 5 6 7 0 75 62 9 22 9 22 9 22 9 22 9 22 64 52 41 38 0 0 0 0 5 6 7 0 0 0 0 0 5 6 7 0 0 0 0 0 5 6 7 0 0 0 0 0 5 6 7 0 53 54 53 54 5 6 7 0 53 54 53 54 5 6 7 0 9 22 9 22 1 2 1 2 1 2 1 2 1 2 1 2 1 2 1 2 22 65 66 9 5 6 7 0 0 0 0 0 5 6 7 0 0 0 0 0 5 6 7 0 9 22 9 22 9 22 9 22 9 22 9 22 5 6 7 0 64 52 41 38 5 6 7 0 0 0 0 0 5 6 7 0 0 0 0 0 5 6 7 0 1 2 1 2 5 6 7 0 0 0 0 0 5 6 7 0 0 0 0 0 1 2 1 2 0 0 0 0 0 0 0 0 0 0 0 0 0 0 0 0 0 0 0 0 0 0 0 0 0 0 0 0 0 0 0 0 0 0 0 0 0 0 0 0 0 0 0 0 0 0 0 0 0 0 0 0 0 0 0 0 0 0 0 0 0 0 0 0 
10 11 10 11 54 53 54 53 5 6 7 0 54 53 54 53 5 6 7 0 62 9 8 9 8 9 8 9 8 9 8 9 47 51 47 48 0 0 0 0 5 6 7 0 0 0 0 0 5 6 7 0 0 0 0 0 5 6 7 0 0 0 0 0 5 6 7 0 54 53 54 53 5 6 7 0 54 53 54 53 5 6 7 0 8 9 8 9 10 11 10 11 10 11 10 11 10 11 10 11 10 11 10 11 9 20 29 22 5 6 7 0 0 0 0 0 5 6 7 0 0 0 0 0 5 6 7 0 8 9 8 9 8 9 8 9 8 9 8 9 5 6 7 0 47 51 47 48 5 6 7 0 0 0 0 0 5 6 7 0 0 0 0 0 5 6 7 0 10 11 10 11 5 6 7 0 0 0 0 0 5 6 7 0 0 0 0 0 10 11 10 11 0 0 0 0 0 0 0 0 0 0 0 0 0 0 0 0 0 0 0 0 0 0 0 0 0 0 0 0 0 0 0 0 0 0 0 0 0 0 0 0 0 0 0 0 0 0 0 0 0 0 0 0 0 0 0 0 0 0 0 0 0 0 0 0 
1 2 1 2 53 54 53 54 5 6 7 0 53 54 53 54 1 2 1 2 64 52 41 38 9 9 36 22 9 9 36 22 64 52 41 38 0 0 0 0 5 6 7 0 0 0 0 0 5 6 7 0 0 0 0 0 5 6 7 0 0 0 0 0 5 6 7 0 53 54 53 54 5 6 7 0 53 54 53 54 5 6 7 0 1 2 1 2 1 2 1 2 1 2 1 2 1 2 1 2 5 6 19 20 67 27 23 68 5 6 7 0 9 22 9 22 5 6 7 0 9 22 9 22 5 6 7 0 64 52 41 38 67 27 23 68 9 9 36 22 5 6 7 0 47 41 47 48 5 6 7 0 64 52 41 38 5 6 7 0 9 9 36 22 5 6 7 0 9 9 36 22 5 6 7 0 9 9 36 22 5 6 7 0 9 9 36 22 1 2 1 2 0 0 0 0 0 0 0 0 0 0 0 0 0 0 0 0 0 0 0 0 0 0 0 0 0 0 0 0 0 0 0 0 0 0 0 0 0 0 0 0 0 0 0 0 0 0 0 0 0 0 0 0 0 0 0 0 0 0 0 0 0 0 0 0 
10 11 10 11 54 53 41 53 5 6 7 0 54 53 41 53 10 11 10 11 47 51 47 48 8 64 38 36 8 64 38 36 47 51 47 48 0 0 0 0 5 6 7 0 0 0 0 0 5 6 7 0 0 0 0 0 5 6 7 0 0 0 0 0 5 6 7 0 54 53 54 53 5 6 7 0 54 53 54 53 5 6 7 0 10 11 10 11 10 11 10 11 10 11 10 11 10 11 10 11 24 25 26 27 9 30 31 9 5 6 7 0 8 9 8 9 5 6 7 0 8 9 8 9 5 6 7 0 47 51 47 48 9 30 31 9 8 64 38 36 5 6 7 0 65 70 69 71 5 6 7 0 47 51 47 48 5 6 7 0 8 64 38 36 5 6 7 0 8 64 38 36 5 6 7 0 8 64 38 36 5 6 7 0 8 64 38 36 10 11 10 11 0 0 0 0 0 0 0 0 0 0 0 0 0 0 0 0 0 0 0 0 0 0 0 0 0 0 0 0 0 0 0 0 0 0 0 0 0 0 0 0 0 0 0 0 0 0 0 0 0 0 0 0 0 0 0 0 0 0 0 0 0 0 0 0 
1 2 1 2 1 2 1 2 1 2 1 2 1 2 1 2 1 2 1 2 1 2 1 2 1 2 1 2 1 2 1 2 1 2 1 2 1 2 1 2 1 2 1 2 1 2 1 2 1 2 1 2 1 2 1 2 1 2 1 2 1 2 1 2 5 6 7 0 53 54 53 54 5 6 7 0 53 54 53 54 5 6 7 0 1 2 1 2 1 2 1 2 1 2 1 2 1 2 1 2 5 6 7 0 9 32 33 9 5 6 7 0 9 22 9 22 5 6 7 0 9 22 9 22 1 2 1 2 1 2 1 2 9 32 33 9 1 2 1 2 1 2 1 2 76 77 75 78 1 2 1 2 1 2 1 2 1 2 1 2 1 2 1 2 1 2 1 2 1 2 1 2 1 2 1 2 1 2 1 2 1 2 1 2 1 2 1 2 1 2 1 2 0 0 0 0 0 0 0 0 0 0 0 0 0 0 0 0 0 0 0 0 0 0 0 0 0 0 0 0 0 0 0 0 0 0 0 0 0 0 0 0 0 0 0 0 0 0 0 0 0 0 0 0 0 0 0 0 0 0 0 0 0 0 0 0 
10 11 10 11 10 11 10 11 10 11 10 11 10 11 10 11 10 11 10 11 10 11 10 11 10 11 10 11 10 11 10 11 10 11 10 11 10 11 10 11 10 11 10 11 10 11 10 11 10 11 10 11 10 11 10 11 10 11 10 11 10 11 10 11 5 6 7 0 54 53 54 53 5 6 7 0 54 53 54 53 5 6 7 0 10 11 10 11 10 11 10 11 10 11 10 11 10 11 10 11 5 6 7 0 9 34 33 9 5 6 7 0 8 9 8 9 5 6 7 0 8 9 8 9 10 11 10 11 10 11 10 11 9 34 33 9 10 11 10 11 10 11 10 11 75 0 0 79 10 11 10 11 10 11 10 11 10 11 10 11 10 11 10 11 10 11 10 11 10 11 10 11 10 11 10 11 10 11 10 11 10 11 10 11 10 11 10 11 10 11 10 11 0 0 0 0 0 0 0 0 0 0 0 0 0 0 0 0 0 0 0 0 0 0 0 0 0 0 0 0 0 0 0 0 0 0 0 0 0 0 0 0 0 0 0 0 0 0 0 0 0 0 0 0 0 0 0 0 0 0 0 0 0 0 0 0 
1 2 1 2 13 13 14 14 13 13 14 14 13 13 14 14 13 13 14 14 13 13 14 14 13 13 14 14 13 13 14 14 13 13 14 14 13 13 14 14 13 13 14 14 13 13 14 14 13 13 14 14 13 13 14 14 13 13 14 14 1 2 1 2 5 6 7 0 53 54 53 54 5 6 7 0 53 54 53 54 5 6 7 0 1 2 1 2 1 2 1 2 1 2 1 2 1 2 1 2 5 6 7 0 9 22 63 62 1 2 1 2 47 41 52 48 1 2 1 2 15 16 17 18 9 8 9 21 15 16 17 18 0 0 0 0 15 16 17 18 9 8 9 21 0 0 0 0 9 8 9 21 15 16 17 18 9 8 9 21 15 16 17 18 9 8 9 21 15 16 17 18 9 8 9 21 15 16 17 18 9 8 9 21 15 16 17 18 1 2 1 2 0 0 0 0 0 0 0 0 0 0 0 0 0 0 0 0 0 0 0 0 0 0 0 0 0 0 0 0 0 0 0 0 0 0 0 0 0 0 0 0 0 0 0 0 0 0 0 0 0 0 0 0 0 0 0 0 0 0 0 0 0 0 0 0 
10 11 10 11 14 13 13 13 14 13 13 13 14 13 13 13 14 13 13 13 14 13 13 13 14 13 13 13 14 13 13 13 14 13 13 13 14 13 13 13 14 13 13 13 14 13 13 13 14 13 13 13 14 13 13 13 14 13 13 13 10 11 10 11 5 6 7 0 54 53 41 53 5 6 7 0 54 53 41 53 5 6 7 0 10 11 10 11 10 11 10 11 10 11 10 11 10 11 10 11 5 6 7 0 8 63 62 9 10 11 10 11 65 69 70 71 10 11 10 11 0 0 0 23 28 8 29 27 0 0 0 23 0 0 0 0 0 0 0 23 28 8 29 27 0 0 0 0 28 8 29 27 0 0 0 23 28 8 29 27 0 0 0 23 28 8 29 27 0 0 0 23 28 8 29 27 0 0 0 23 28 8 29 27 0 0 0 23 10 11 10 11 0 0 0 0 0 0 0 0 0 0 0 0 0 0 0 0 0 0 0 0 0 0 0 0 0 0 0 0 0 0 0 0 0 0 0 0 0 0 0 0 0 0 0 0 0 0 0 0 0 0 0 0 0 0 0 0 0 0 0 0 0 0 0 0 
1 2 1 2 8 9 8 9 8 9 8 9 8 9 8 9 8 9 8 9 8 9 8 9 8 9 8 9 8 9 8 9 8 9 8 9 8 9 8 9 8 9 8 9 8 9 8 9 8 9 8 9 8 9 8 9 8 9 8 9 1 2 1 2 1 2 1 2 1 2 1 2 1 2 1 2 1 2 1 2 1 2 1 2 1 2 1 2 1 2 1 2 1 2 1 2 1 2 1 2 5 6 7 0 63 62 9 22 5 6 19 20 22 65 66 9 5 6 19 20 0 0 0 0 5 6 7 0 0 0 0 0 0 0 0 0 0 0 0 0 5 6 7 0 0 0 0 0 5 6 7 0 0 0 0 0 5 6 7 0 0 0 0 0 5 6 7 0 0 0 0 0 5 6 7 0 0 0 0 0 5 6 7 0 0 0 0 0 1 2 1 2 0 0 0 0 0 0 0 0 0 0 0 0 0 0 0 0 0 0 0 0 0 0 0 0 0 0 0 0 0 0 0 0 0 0 0 0 0 0 0 0 0 0 0 0 0 0 0 0 0 0 0 0 0 0 0 0 0 0 0 0 0 0 0 0 
10 11 10 11 13 14 14 13 13 14 14 13 13 14 14 13 13 14 14 13 13 14 14 13 13 14 14 13 13 14 14 13 13 14 14 13 13 14 14 13 13 14 14 13 13 14 14 13 13 14 14 13 13 14 14 13 13 14 14 13 10 11 10 11 10 11 10 11 10 11 10 11 10 11 10 11 10 11 10 11 10 11 10 11 10 11 10 11 10 11 10 11 10 11 10 11 10 11 10 11 5 6 7 0 62 9 8 9 24 25 26 80 9 20 29 22 24 25 26 80 0 0 0 0 5 6 7 0 0 0 0 0 0 0 0 0 0 0 0 0 5 6 7 0 0 0 0 0 5 6 7 0 0 0 0 0 5 6 7 0 0 0 0 0 5 6 7 0 0 0 0 0 5 6 7 0 0 0 0 0 5 6 7 0 0 0 0 0 10 11 10 11 0 0 0 0 0 0 0 0 0 0 0 0 0 0 0 0 0 0 0 0 0 0 0 0 0 0 0 0 0 0 0 0 0 0 0 0 0 0 0 0 0 0 0 0 0 0 0 0 0 0 0 0 0 0 0 0 0 0 0 0 0 0 0 0 
0 0 0 0 0 0 0 0 0 0 0 0 0 0 0 0 0 0 0 0 0 0 0 0 0 0 0 0 0 0 0 0 0 0 0 0 0 0 0 0 0 0 0 0 0 0 0 0 0 0 0 0 0 0 0 0 0 0 0 0 0 0 0 0 0 0 0 0 0 0 0 0 0 0 0 0 0 0 0 0 0 0 0 0 0 0 0 0 0 0 0 0 0 0 0 0 0 0 0 0 0 0 0 0 0 0 0 0 0 0 0 0 0 0 0 0 0 0 0 0 0 0 0 0 0 0 0 0 0 0 0 0 0 0 0 0 0 0 0 0 0 0 0 0 0 0 0 0 0 0 0 0 0 0 0 0 0 0 0 0 0 0 0 0 0 0 0 0 0 0 0 0 0 0 0 0 0 0 0 0 0 0 0 0 0 0 0 0 0 0 0 0 0 0 0 0 0 0 0 0 0 0 0 0 0 0 0 0 0 0 0 0 0 0 0 0 0 0 0 0 0 0 0 0 0 0 0 0 0 0 0 0 0 0 0 0 0 0 0 0 0 0 0 0 0 0 0 0 0 0 0 0 0 0 0 0 
0 0 0 0 0 0 0 0 0 0 0 0 0 0 0 0 0 0 0 0 0 0 0 0 0 0 0 0 0 0 0 0 0 0 0 0 0 0 0 0 0 0 0 0 0 0 0 0 0 0 0 0 0 0 0 0 0 0 0 0 0 0 0 0 0 0 0 0 0 0 0 0 0 0 0 0 0 0 0 0 0 0 0 0 0 0 0 0 0 0 0 0 0 0 0 0 0 0 0 0 0 0 0 0 0 0 0 0 0 0 0 0 0 0 0 0 0 0 0 0 0 0 0 0 0 0 0 0 0 0 0 0 0 0 0 0 0 0 0 0 0 0 0 0 0 0 0 0 0 0 0 0 0 0 0 0 0 0 0 0 0 0 0 0 0 0 0 0 0 0 0 0 0 0 0 0 0 0 0 0 0 0 0 0 0 0 0 0 0 0 0 0 0 0 0 0 0 0 0 0 0 0 0 0 0 0 0 0 0 0 0 0 0 0 0 0 0 0 0 0 0 0 0 0 0 0 0 0 0 0 0 0 0 0 0 0 0 0 0 0 0 0 0 0 0 0 0 0 0 0 0 0 0 0 0 0 
0 0 0 0 0 0 0 0 0 0 0 0 0 0 0 0 0 0 0 0 0 0 0 0 0 0 0 0 0 0 0 0 0 0 0 0 0 0 0 0 0 0 0 0 0 0 0 0 0 0 0 0 0 0 0 0 0 0 0 0 0 0 0 0 0 0 0 0 0 0 0 0 0 0 0 0 0 0 0 0 0 0 0 0 0 0 0 0 0 0 0 0 0 0 0 0 1 2 1 2 5 6 7 0 63 62 9 22 5 6 7 0 9 22 9 22 5 6 7 0 9 22 9 22 5 6 7 0 9 22 9 22 5 6 7 0 9 22 9 22 9 22 9 22 9 22 9 22 5 6 7 0 9 32 33 9 5 6 7 0 9 22 9 22 5 6 7 0 9 22 9 22 5 6 7 0 9 22 9 22 5 6 7 0 9 22 9 22 5 6 7 0 1 2 9 22 9 32 33 9 22 65 66 9 5 6 7 0 9 22 9 22 22 65 66 9 9 32 33 9 9 22 9 22 5 6 7 0 9 22 9 22 9 32 33 9 5 6 7 0 9 22 9 22 9 22 9 22 9 32 33 9 1 2 1 2 
0 0 0 0 0 0 0 0 0 0 0 0 0 0 0 0 0 0 0 0 0 0 0 0 0 0 0 0 0 0 0 0 0 0 0 0 0 0 0 0 0 0 0 0 0 0 0 0 0 0 0 0 0 0 0 0 0 0 0 0 0 0 0 0 0 0 0 0 0 0 0 0 0 0 0 0 0 0 0 0 0 0 0 0 0 0 0 0 0 0 0 0 0 0 0 0 10 11 10 11 5 6 7 0 62 9 8 9 5 6 7 0 8 9 8 9 5 6 7 0 8 9 8 9 5 6 7 0 8 9 8 9 5 6 7 0 8 9 8 9 8 9 8 9 8 9 8 9 5 6 7 0 9 34 33 9 5 6 7 0 8 9 8 9 5 6 7 0 8 9 8 9 5 6 7 0 8 9 8 9 5 6 7 0 8 9 8 9 5 6 7 0 10 11 8 9 9 34 33 9 9 20 29 22 5 6 7 0 8 9 8 9 9 20 29 22 9 34 33 9 8 9 8 9 5 6 7 0 8 9 8 9 9 34 33 9 5 6 7 0 8 9 8 9 8 9 8 9 9 34 33 9 10 11 10 11 
0 0 0 0 0 0 0 0 0 0 0 0 0 0 0 0 0 0 0 0 0 0 0 0 0 0 0 0 0 0 0 0 0 0 0 0 0 0 0 0 0 0 0 0 0 0 0 0 0 0 0 0 0 0 0 0 0 0 0 0 0 0 0 0 0 0 0 0 0 0 0 0 0 0 0 0 0 0 0 0 0 0 0 0 0 0 0 0 0 0 0 0 0 0 0 0 1 2 1 2 5 6 7 62 9 22 9 22 5 6 7 0 9 22 9 22 5 6 7 0 9 9 36 22 5 6 7 0 9 22 9 22 5 6 7 0 9 22 9 22 9 22 9 22 67 27 23 68 5 6 7 0 9 22 9 22 5 6 7 0 9 22 9 22 5 6 7 0 9 22 9 22 5 6 7 0 9 22 9 22 5 6 7 0 9 22 9 22 5 6 7 0 0 35 36 22 47 41 52 48 9 22 9 22 5 6 7 0 9 9 36 22 67 27 23 68 9 22 9 22 9 22 9 22 5 6 7 0 67 27 23 68 9 22 9 22 5 6 7 0 9 9 36 22 67 27 23 68 9 22 9 22 1 2 1 2 
0 0 0 0 0 0 0 0 0 0 0 0 0 0 0 0 0 0 0 0 0 0 0 0 0 0 0 0 0 0 0 0 0 0 0 0 0 0 0 0 0 0 0 0 0 0 0 0 0 0 0 0 0 0 0 0 0 0 0 0 0 0 0 0 0 0 0 0 0 0 0 0 0 0 0 0 0 0 0 0 0 0 0 0 0 0 0 0 0 0 0 0 0 0 0 0 10 11 10 11 5 6 62 9 8 9 8 9 5 6 7 0 8 9 8 9 5 6 7 0 9 64 38 9 5 6 7 0 8 9 8 9 5 6 7 0 8 9 8 9 8 9 8 9 9 30 31 9 5 6 7 0 8 9 8 9 5 6 7 0 8 9 8 9 5 6 7 0 8 9 8 9 5 6 7 0 8 9 8 9 5 6 7 0 8 9 8 9 5 6 7 0 0 37 38 9 65 69 70 71 8 9 8 9 5 6 7 0 9 64 38 9 9 30 31 9 8 9 8 9 8 9 8 9 5 6 7 0 9 30 31 9 8 9 8 9 5 6 7 0 9 64 38 9 9 30 31 9 8 9 8 9 10 11 10 11 
0 0 0 0 0 0 0 0 0 0 0 0 0 0 0 0 0 0 0 0 0 0 0 0 0 0 0 0 0 0 0 0 0 0 0 0 0 0 0 0 0 0 0 0 0 0 0 0 0 0 0 0 0 0 0 0 0 0 0 0 0 0 0 0 0 0 0 0 0 0 0 0 0 0 0 0 0 0 0 0 0 0 0 0 0 0 0 0 0 0 0 0 0 0 0 0 1 2 1 2 1 2 1 2 9 22 9 22 5 6 7 0 9 22 9 22 5 6 7 0 64 52 41 38 5 6 7 0 9 22 9 22 1 2 1 2 9 22 9 22 9 22 9 22 9 32 33 9 5 6 7 0 9 22 9 22 5 6 7 0 9 22 9 22 5 6 7 0 9 22 9 22 5 6 7 0 9 22 9 22 5 6 7 0 9 22 9 22 5 6 7 0 0 35 41 36 22 65 66 9 9 22 9 22 5 6 7 0 64 52 41 38 9 32 33 9 9 22 9 22 9 22 9 22 5 6 7 0 9 32 33 9 9 22 9 22 5 6 7 0 64 52 41 38 9 32 33 9 9 22 9 22 1 2 1 2 
0 0 0 0 0 0 0 0 0 0 0 0 0 0 0 0 0 0 0 0 0 0 0 0 0 0 0 0 0 0 0 0 0 0 0 0 0 0 0 0 0 0 0 0 0 0 0 0 0 0 0 0 0 0 0 0 0 0 0 0 0 0 0 0 0 0 0 0 0 0 0 0 0 0 0 0 0 0 0 0 0 0 0 0 0 0 0 0 0 0 0 0 0 0 0 0 10 11 10 11 10 11 10 11 8 9 8 9 5 6 7 0 8 9 8 9 5 6 7 0 47 51 47 48 5 6 7 0 8 9 8 9 10 11 10 11 8 9 8 9 8 9 8 9 9 34 33 9 5 6 7 0 8 9 8 9 5 6 7 0 8 9 8 9 5 6 7 0 8 9 8 9 5 6 7 0 8 9 8 9 5 6 7 0 8 9 8 9 5 6 7 0 0 46 47 48 9 20 29 22 8 9 8 9 5 6 7 0 47 51 47 48 9 34 33 9 8 9 8 9 8 9 8 9 5 6 7 0 9 34 33 9 8 9 8 9 5 6 7 0 47 51 47 48 9 34 33 9 8 9 8 9 10 11 10 11 
0 0 0 0 0 0 0 0 0 0 0 0 0 0 0 0 0 0 0 0 0 0 0 0 0 0 0 0 0 0 0 0 0 0 0 0 0 0 0 0 0 0 0 0 0 0 0 0 0 0 0 0 0 0 0 0 0 0 0 0 0 0 0 0 0 0 0 0 0 0 0 0 0 0 0 0 0 0 0 0 0 0 0 0 0 0 0 0 0 0 0 0 0 0 0 0 1 2 1 2 5 6 7 0 9 9 36 22 5 6 7 0 9 9 36 22 5 6 7 0 64 52 41 38 5 6 7 0 9 9 36 22 5 6 7 0 9 9 36 22 64 52 41 38 64 52 41 38 5 6 7 0 9 9 36 22 5 6 7 0 9 9 36 22 5 6 7 0 64 52 41 38 5 6 7 0 64 52 41 38 5 6 7 0 9 9 36 22 5 6 7 0 0 37 51 52 9 22 9 22 67 27 23 68 5 6 7 0 64 52 41 38 9 22 9 22 9 9 36 22 9 9 36 22 5 6 7 0 47 41 52 48 9 22 9 22 5 6 7 0 64 52 41 38 9 9 36 22 9 22 9 22 1 2 1 2 
0 0 0 0 0 0 0 0 0 0 0 0 0 0 0 0 0 0 0 0 0 0 0 0 0 0 0 0 0 0 0 0 0 0 0 0 0 0 0 0 0 0 0 0 0 0 0 0 0 0 0 0 0 0 0 0 0 0 0 0 0 0 0 0 0 0 0 0 0 0 0 0 0 0 0 0 0 0 0 0 0 0 0 0 0 0 0 0 0 0 0 0 0 0 0 0 10 11 10 11 5 6 7 0 8 64 38 36 5 6 7 0 8 64 38 36 5 6 7 0 47 51 47 48 5 6 7 0 8 64 38 36 5 6 7 0 8 64 38 36 47 51 47 48 47 51 47 48 5 6 7 0 8 64 38 36 5 6 7 0 8 64 38 36 5 6 7 0 47 51 47 48 5 6 7 0 47 51 47 48 5 6 7 0 8 64 38 36 5 6 7 0 0 35 47 51 8 9 8 9 9 30 31 9 5 6 7 0 47 51 47 48 8 9 8 9 8 64 38 36 8 64 38 36 5 6 7 0 65 69 70 71 8 9 8 9 5 6 7 0 47 51 47 48 8 64 38 36 8 9 8 9 10 11 10 11 
0 0 0 0 0 0 0 0 0 0 0 0 0 0 0 0 0 0 0 0 0 0 0 0 0 0 0 0 0 0 0 0 0 0 0 0 0 0 0 0 0 0 0 0 0 0 0 0 0 0 0 0 0 0 0 0 0 0 0 0 0 0 0 0 0 0 0 0 0 0 0 0 0 0 0 0 0 0 0 0 0 0 0 0 0 0 0 0 0 0 0 0 0 0 0 0 1 2 1 2 1 2 1 2 1 2 1 2 1 2 1 2 1 2 1 2 1 2 1 2 1 2 1 2 1 2 1 2 1 2 1 2 5 6 7 0 1 2 1 2 1 2 1 2 1 2 1 2 1 2 1 2 1 2 1 2 1 2 1 2 1 2 1 2 1 2 1 2 1 2 1 2 1 2 1 2 1 2 1 2 1 2 1 2 1 2 1 2 1 2 1 2 1 2 1 2 9 22 9 22 9 32 33 9 1 2 1 2 1 2 1 2 9 22 9 22 1 2 1 2 1 2 1 2 1 2 1 2 22 65 66 9 9 22 9 22 1 2 1 2 1 2 1 2 1 2 1 2 9 22 9 22 1 2 1 2 
0 0 0 0 0 0 0 0 0 0 0 0 0 0 0 0 0 0 0 0 0 0 0 0 0 0 0 0 0 0 0 0 0 0 0 0 0 0 0 0 0 0 0 0 0 0 0 0 0 0 0 0 0 0 0 0 0 0 0 0 0 0 0 0 0 0 0 0 0 0 0 0 0 0 0 0 0 0 0 0 0 0 0 0 0 0 0 0 0 0 0 0 0 0 0 0 10 11 10 11 10 11 10 11 10 11 10 11 10 11 10 11 10 11 10 11 10 11 10 11 10 11 10 11 10 11 10 11 10 11 10 11 5 6 7 0 10 11 10 11 10 11 10 11 10 11 10 11 10 11 10 11 10 11 10 11 10 11 10 11 10 11 10 11 10 11 10 11 10 11 10 11 10 11 10 11 10 11 10 11 10 11 10 11 10 11 10 11 10 11 10 11 10 11 10 11 8 9 8 9 9 34 33 9 10 11 10 11 10 11 10 11 8 9 8 9 10 11 10 11 10 11 10 11 10 11 10 11 9 20 29 22 8 9 8 9 10 11 10 11 10 11 10 11 10 11 10 11 8 9 8 9 10 11 10 11 
0 0 0 0 0 0 0 0 0 0 0 0 0 0 0 0 0 0 0 0 0 0 0 0 0 0 0 0 0 0 0 0 0 0 0 0 0 0 0 0 0 0 0 0 0 0 0 0 0 0 0 0 0 0 0 0 0 0 0 0 0 0 0 0 0 0 0 0 0 0 0 0 0 0 0 0 0 0 0 0 0 0 0 0 0 0 0 0 0 0 0 0 0 0 0 0 1 2 1 2 5 6 7 0 15 16 17 18 9 8 9 21 15 16 17 18 9 8 9 21 15 16 17 18 9 8 9 21 15 16 17 18 9 8 9 21 15 16 17 18 9 8 9 21 15 16 17 18 9 8 9 21 15 16 17 18 9 8 9 21 15 16 17 18 9 8 9 21 15 16 17 18 9 8 9 21 15 16 17 18 9 8 9 21 15 16 17 18 1 2 1 2 1 2 9 22 9 22 9 22 64 52 41 38 5 6 7 0 1 2 1 2 9 22 9 22 9 22 9 22 1 2 1 2 1 2 9 22 9 9 36 22 9 9 36 22 1 2 1 2 47 41 52 48 9 9 36 22 9 22 9 22 1 2 1 2 
0 0 0 0 0 0 0 0 0 0 0 0 0 0 0 0 0 0 0 0 0 0 0 0 0 0 0 0 0 0 0 0 0 0 0 0 0 0 0 0 0 0 0 0 0 0 0 0 0 0 0 0 0 0 0 0 0 0 0 0 0 0 0 0 0 0 0 0 0 0 0 0 0 0 0 0 0 0 0 0 0 0 0 0 0 0 0 0 0 0 0 0 0 0 0 0 10 11 10 11 5 6 7 0 0 0 0 23 28 8 29 27 0 0 0 23 28 8 29 27 0 0 0 23 28 8 29 27 0 0 0 23 28 8 29 27 0 0 0 23 28 8 29 27 0 0 0 23 28 8 29 27 0 0 0 23 28 8 29 27 0 0 0 23 28 8 29 27 0 0 0 23 28 8 29 27 0 0 0 23 28 8 29 27 0 0 0 23 10 11 10 11 10 11 8 9 8 9 8 9 47 51 47 48 5 6 7 0 10 11 10 11 8 9 8 9 8 9 8 9 10 11 10 11 10 11 8 9 8 64 38 36 9 64 38 9 10 11 10 11 65 69 70 71 9 64 38 9 8 9 8 9 10 11 10 11 
0 0 0 0 0 0 0 0 0 0 0 0 0 0 0 0 0 0 0 0 0 0 0 0 0 0 0 0 0 0 0 0 0 0 0 0 0 0 0 0 0 0 0 0 0 0 0 0 0 0 0 0 0 0 0 0 0 0 0 0 0 0 0 0 0 0 0 0 0 0 0 0 0 0 0 0 0 0 0 0 0 0 0 0 0 0 0 0 0 0 0 0 0 0 0 0 1 2 1 2 5 6 7 0 0 0 0 0 5 6 7 0 0 0 0 0 5 6 7 0 0 0 0 0 5 6 7 0 0 0 0 0 5 6 7 0 0 0 0 0 5 6 7 0 0 0 0 0 5 6 7 0 0 0 0 0 5 6 7 0 0 0 0 0 5 6 7 0 0 0 0 0 5 6 7 0 0 0 0 0 5 6 7 0 0 0 0 0 1 2 1 2 1 2 9 22 9 22 9 22 1 2 1 2 5 6 7 0 1 2 1 2 9 22 9 22 9 22 9 22 1 2 1 2 1 2 9 22 1 2 1 2 64 52 41 38 1 2 1 2 22 65 66 9 64 52 41 38 61 62 1 2 1 2 1 2 
0 0 0 0 0 0 0 0 0 0 0 0 0 0 0 0 0 0 0 0 0 0 0 0 0 0 0 0 0 0 0 0 0 0 0 0 0 0 0 0 0 0 0 0 0 0 0 0 0 0 0 0 0 0 0 0 0 0 0 0 0 0 0 0 0 0 0 0 0 0 0 0 0 0 0 0 0 0 0 0 0 0 0 0 0 0 0 0 0 0 0 0 0 0 0 0 10 11 10 11 5 6 7 0 0 0 0 0 5 6 7 0 0 0 0 0 5 6 7 0 0 0 0 0 5 6 7 0 0 0 0 0 5 6 7 0 0 0 0 0 5 6 7 0 0 0 0 0 5 6 7 0 0 0 0 0 5 6 7 0 0 0 0 0 5 6 7 0 0 0 0 0 5 6 7 0 0 0 0 0 5 6 7 0 0 0 0 0 10 11 10 11 10 11 8 9 8 9 8 9 10 11 10 11 5 6 7 0 10 11 10 11 8 9 8 9 8 9 8 9 10 11 10 11 10 11 8 9 10 11 10 11 47 51 47 48 10 11 10 11 9 20 29 22 47 51 47 48 62 8 10 11 10 11 10 11 
0 0 0 0 0 0 0 0 0 0 0 0 0 0 0 0 0 0 0 0 0 0 0 0 0 0 0 0 0 0 0 0 0 0 0 0 0 0 0 0 0 0 0 0 0 0 0 0 0 0 0 0 0 0 0 0 0 0 0 0 0 0 0 0 0 0 0 0 0 0 0 0 0 0 0 0 0 0 0 0 0 0 0 0 0 0 0 0 0 0 0 0 0 0 0 0 1 2 1 2 5 6 7 0 67 27 23 68 5 6 7 0 67 27 23 68 5 6 7 0 67 27 23 68 5 6 7 0 67 27 23 68 5 6 7 0 67 27 23 68 5 6 7 0 67 27 23 68 5 6 7 0 67 27 23 68 5 6 7 0 67 27 23 68 5 6 7 0 67 27 23 68 5 6 7 0 67 27 23 68 5 6 7 0 67 27 23 68 1 2 1 2 1 2 9 22 67 27 23 68 47 41 52 48 5 6 7 0 1 2 1 2 9 22 9 22 67 27 23 68 1 2 1 2 1 2 9 22 9 22 9 22 64 52 41 38 1 2 1 2 9 22 9 22 9 22 63 62 5 6 7 0 1 2 1 2 
0 0 0 0 0 0 0 0 0 0 0 0 0 0 0 0 0 0 0 0 0 0 0 0 0 0 0 0 0 0 0 0 0 0 0 0 0 0 0 0 0 0 0 0 0 0 0 0 0 0 0 0 0 0 0 0 0 0 0 0 0 0 0 0 0 0 0 0 0 0 0 0 0 0 0 0 0 0 0 0 0 0 0 0 0 0 0 0 0 0 0 0 0 0 0 0 10 11 10 11 5 6 7 0 9 30 31 9 5 6 7 0 9 30 31 9 5 6 7 0 9 30 31 9 5 6 7 0 9 30 31 9 5 6 7 0 9 30 31 9 5 6 7 0 9 30 31 9 5 6 7 0 9 30 31 9 5 6 7 0 9 30 31 9 5 6 7 0 9 30 31 9 5 6 7 0 9 30 31 9 5 6 7 0 9 30 31 9 10 11 10 11 10 11 8 9 9 30 31 9 65 69 70 71 5 6 7 0 10 11 10 11 8 9 8 9 9 30 31 9 10 11 10 11 10 11 8 9 8 9 8 9 47 51 47 48 10 11 10 11 8 9 8 9 8 63 62 9 5 6 7 0 10 11 10 11 
0 0 0 0 0 0 0 0 0 0 0 0 0 0 0 0 0 0 0 0 0 0 0 0 0 0 0 0 0 0 0 0 0 0 0 0 0 0 0 0 0 0 0 0 0 0 0 0 0 0 0 0 0 0 0 0 0 0 0 0 0 0 0 0 0 0 0 0 0 0 0 0 0 0 0 0 0 0 0 0 0 0 0 0 0 0 0 0 0 0 0 0 0 0 0 0 1 2 1 2 5 6 7 0 9 32 33 9 5 6 7 0 9 32 33 9 5 6 7 0 9 32 33 9 5 6 7 0 9 32 33 9 5 6 7 0 9 32 33 9 5 6 7 0 9 32 33 9 5 6 7 0 9 32 33 9 5 6 7 0 9 32 33 9 5 6 7 0 9 32 33 9 5 6 7 0 9 32 33 9 5 6 7 0 9 32 33 9 1 2 1 2 1 2 9 22 9 32 33 9 22 65 66 9 5 6 7 0 1 2 1 2 9 22 9 22 9 32 33 9 1 2 1 2 1 2 9 22 9 22 9 22 1 2 1 2 1 2 1 2 9 22 9 22 63 62 9 22 5 6 7 0 1 2 1 2 
0 0 0 0 0 0 0 0 0 0 0 0 0 0 0 0 0 0 0 0 0 0 0 0 0 0 0 0 0 0 0 0 0 0 0 0 0 0 0 0 0 0 0 0 0 0 0 0 0 0 0 0 0 0 0 0 0 0 0 0 0 0 0 0 0 0 0 0 0 0 0 0 0 0 0 0 0 0 0 0 0 0 0 0 0 0 0 0 0 0 0 0 0 0 0 0 10 11 10 11 5 6 7 0 9 34 33 9 5 6 7 0 9 34 33 9 5 6 7 0 9 34 33 9 5 6 7 0 9 34 33 9 5 6 7 0 9 34 33 9 5 6 7 0 9 34 33 9 5 6 7 0 9 34 33 9 5 6 7 0 9 34 33 9 5 6 7 0 9 34 33 9 5 6 7 0 9 34 33 9 5 6 7 0 9 34 33 9 10 11 10 11 10 11 8 9 9 34 33 9 9 20 29 22 5 6 7 0 10 11 10 11 8 9 8 9 9 34 33 9 10 11 10 11 10 11 8 9 8 9 8 9 10 11 10 11 10 11 10 11 8 9 8 9 62 9 8 9 5 6 7 0 10 11 10 11 
0 0 0 0 0 0 0 0 0 0 0 0 0 0 0 0 0 0 0 0 0 0 0 0 0 0 0 0 0 0 0 0 0 0 0 0 0 0 0 0 0 0 0 0 0 0 0 0 0 0 0 0 0 0 0 0 0 0 0 0 0 0 0 0 0 0 0 0 0 0 0 0 0 0 0 0 0 0 0 0 0 0 0 0 0 0 0 0 0 0 0 0 0 0 0 0 1 2 1 2 5 6 7 0 47 41 52 48 5 6 7 0 9 22 9 22 5 6 7 0 47 41 52 48 5 6 7 0 47 41 52 48 5 6 7 0 9 9 36 22 5 6 7 0 9 22 9 22 5 6 7 0 47 41 52 48 5 6 7 0 9 22 9 22 5 6 7 0 47 41 52 48 5 6 7 0 9 22 9 22 5 6 7 0 47 41 52 48 1 2 1 2 1 2 9 22 9 9 36 22 9 22 9 22 5 6 7 0 1 2 1 2 9 22 9 22 9 22 9 22 1 2 1 2 1 2 9 22 9 22 9 22 9 22 9 22 9 22 9 22 9 22 63 62 9 22 9 22 5 6 7 0 1 2 1 2 
0 0 0 0 0 0 0 0 0 0 0 0 0 0 0 0 0 0 0 0 0 0 0 0 0 0 0 0 0 0 0 0 0 0 0 0 0 0 0 0 0 0 0 0 0 0 0 0 0 0 0 0 0 0 0 0 0 0 0 0 0 0 0 0 0 0 0 0 0 0 0 0 0 0 0 0 0 0 0 0 0 0 0 0 0 0 0 0 0 0 0 0 0 0 0 0 10 11 10 11 5 6 7 0 65 69 70 71 5 6 7 0 8 9 8 9 5 6 7 0 65 69 70 71 5 6 7 0 65 69 70 71 5 6 7 0 9 64 38 9 5 6 7 0 8 9 8 9 5 6 7 0 65 69 70 71 5 6 7 0 8 9 8 9 5 6 7 0 65 69 70 71 5 6 7 0 8 9 8 9 5 6 7 0 65 69 70 71 10 11 10 11 10 11 8 9 9 64 38 9 8 9 8 9 5 6 7 0 10 11 10 11 8 9 8 9 8 9 8 9 10 11 10 11 10 11 8 9 8 9 8 9 8 9 8 9 8 9 8 9 8 63 62 9 8 9 8 9 5 6 7 0 10 11 10 11 
0 0 0 0 0 0 0 0 0 0 0 0 0 0 0 0 0 0 0 0 0 0 0 0 0 0 0 0 0 0 0 0 0 0 0 0 0 0 0 0 0 0 0 0 0 0 0 0 0 0 0 0 0 0 0 0 0 0 0 0 0 0 0 0 0 0 0 0 0 0 0 0 0 0 0 0 0 0 0 0 0 0 0 0 0 0 0 0 0 0 0 0 0 0 0 0 1 2 1 2 5 6 7 0 22 65 66 9 5 6 7 0 9 22 9 22 5 6 7 0 22 65 66 9 5 6 7 0 22 65 66 9 5 6 7 0 64 52 41 38 5 6 7 0 9 22 9 22 5 6 7 0 22 65 66 9 5 6 7 0 9 22 9 22 5 6 7 0 22 65 66 9 5 6 7 0 9 22 9 22 5 6 7 0 22 65 66 9 1 2 1 2 1 2 9 22 64 52 41 38 9 22 9 22 5 6 7 0 1 2 1 2 9 22 9 22 9 22 9 22 1 2 1 2 1 2 9 22 9 22 9 22 9 22 9 22 9 22 9 22 63 62 9 22 9 22 9 22 5 6 7 0 1 2 1 2 
0 0 0 0 0 0 0 0 0 0 0 0 0 0 0 0 0 0 0 0 0 0 0 0 0 0 0 0 0 0 0 0 0 0 0 0 0 0 0 0 0 0 0 0 0 0 0 0 0 0 0 0 0 0 0 0 0 0 0 0 0 0 0 0 0 0 0 0 0 0 0 0 0 0 0 0 0 0 0 0 0 0 0 0 0 0 0 0 0 0 0 0 0 0 0 0 10 11 10 11 5 6 7 0 9 20 29 22 5 6 7 0 8 9 8 9 5 6 7 0 9 20 29 22 5 6 7 0 9 20 29 22 5 6 7 0 47 51 47 48 5 6 7 0 8 9 8 9 5 6 7 0 9 20 29 22 5 6 7 0 8 9 8 9 5 6 7 0 9 20 29 22 5 6 7 0 8 9 8 9 5 6 7 0 9 20 29 22 10 11 10 11 10 11 8 9 47 51 47 48 8 9 8 9 5 6 7 0 10 11 10 11 8 9 8 9 8 9 8 9 10 11 10 11 10 11 8 9 8 9 8 9 8 9 8 9 8 9 8 9 62 9 8 9 8 9 8 9 5 6 7 0 10 11 10 11 
0 0 0 0 0 0 0 0 0 0 0 0 0 0 0 0 0 0 0 0 0 0 0 0 0 0 0 0 0 0 0 0 0 0 0 0 0 0 0 0 0 0 0 0 0 0 0 0 0 0 0 0 0 0 0 0 0 0 0 0 0 0 0 0 0 0 0 0 0 0 0 0 0 0 0 0 0 0 0 0 0 0 0 0 0 0 0 0 0 0 0 0 0 0 0 0 0 0 0 0 0 0 0 0 0 0 0 0 0 0 0 0 0 0 0 0 0 0 0 0 0 0 0 0 0 0 0 0 0 0 0 0 0 0 0 0 0 0 0 0 0 0 0 0 0 0 0 0 0 0 0 0 0 0 0 0 0 0 0 0 0 0 0 0 0 0 0 0 0 0 0 0 0 0 0 0 0 0 0 0 0 0 0 0 0 0 0 0 0 0 0 0 0 0 0 0 0 0 0 0 0 0 0 0 0 0 0 0 0 0 0 0 0 0 0 0 0 0 0 0 0 0 0 0 0 0 0 0 0 0 0 0 0 0 0 0 0 0 0 0 0 0 0 0 0 0 0 0 0 0 0 0 0 0 0 0 
0 0 0 0 0 0 0 0 0 0 0 0 0 0 0 0 0 0 0 0 0 0 0 0 0 0 0 0 0 0 0 0 0 0 0 0 0 0 0 0 0 0 0 0 0 0 0 0 0 0 0 0 0 0 0 0 0 0 0 0 0 0 0 0 0 0 0 0 0 0 0 0 0 0 0 0 0 0 0 0 0 0 0 0 0 0 0 0 0 0 0 0 0 0 0 0 0 0 0 0 0 0 0 0 0 0 0 0 0 0 0 0 0 0 0 0 0 0 0 0 0 0 0 0 0 0 0 0 0 0 0 0 0 0 0 0 0 0 0 0 0 0 0 0 0 0 0 0 0 0 0 0 0 0 0 0 0 0 0 0 0 0 0 0 0 0 0 0 0 0 0 0 0 0 0 0 0 0 0 0 0 0 0 0 0 0 0 0 0 0 0 0 0 0 0 0 0 0 0 0 0 0 0 0 0 0 0 0 0 0 0 0 0 0 0 0 0 0 0 0 0 0 0 0 0 0 0 0 0 0 0 0 0 0 0 0 0 0 0 0 0 0 0 0 0 0 0 0 0 0 0 0 0 0 0 0 
0 0 0 0 0 0 0 0 0 0 0 0 0 0 0 0 0 0 0 0 0 0 0 0 0 0 0 0 0 0 0 0 0 0 0 0 0 0 0 0 0 0 0 0 0 0 0 0 0 0 0 0 0 0 0 0 0 0 0 0 0 0 0 0 0 0 0 0 0 0 0 0 0 0 0 0 0 0 0 0 0 0 0 0 0 0 0 0 0 0 0 0 0 0 0 0 0 0 0 0 0 0 0 0 0 0 0 0 0 0 0 0 0 0 0 0 0 0 0 0 0 0 0 0 0 0 0 0 0 0 0 0 0 0 0 0 0 0 0 0 0 0 0 0 0 0 0 0 0 0 0 0 0 0 0 0 0 0 0 0 0 0 0 0 0 0 0 0 0 0 0 0 0 0 0 0 0 0 0 0 0 0 0 0 0 0 0 0 0 0 0 0 0 0 0 0 0 0 0 0 0 0 0 0 0 0 0 0 0 0 0 0 0 0 0 0 0 0 0 0 0 0 0 0 1 2 9 22 5 6 7 0 9 22 9 22 9 22 9 22 63 62 9 22 64 52 41 38 5 6 7 0 1 2 1 2 
0 0 0 0 0 0 0 0 0 0 0 0 0 0 0 0 0 0 0 0 0 0 0 0 0 0 0 0 0 0 0 0 0 0 0 0 0 0 0 0 0 0 0 0 0 0 0 0 0 0 0 0 0 0 0 0 0 0 0 0 0 0 0 0 0 0 0 0 0 0 0 0 0 0 0 0 0 0 0 0 0 0 0 0 0 0 0 0 0 0 0 0 0 0 0 0 0 0 0 0 0 0 0 0 0 0 0 0 0 0 0 0 0 0 0 0 0 0 0 0 0 0 0 0 0 0 0 0 0 0 0 0 0 0 0 0 0 0 0 0 0 0 0 0 0 0 0 0 0 0 0 0 0 0 0 0 0 0 0 0 0 0 0 0 0 0 0 0 0 0 0 0 0 0 0 0 0 0 0 0 0 0 0 0 0 0 0 0 0 0 0 0 0 0 0 0 0 0 0 0 0 0 0 0 0 0 0 0 0 0 0 0 0 0 0 0 0 0 0 0 0 0 0 0 10 11 8 9 5 6 7 0 8 9 8 9 8 9 8 9 62 9 8 9 47 51 47 48 5 6 7 0 10 11 10 11 
0 0 0 0 0 0 0 0 0 0 0 0 0 0 0 0 0 0 0 0 0 0 0 0 0 0 0 0 0 0 0 0 0 0 0 0 0 0 0 0 0 0 0 0 0 0 0 0 0 0 0 0 0 0 0 0 0 0 0 0 0 0 0 0 0 0 0 0 0 0 0 0 0 0 0 0 0 0 0 0 0 0 0 0 0 0 0 0 0 0 0 0 0 0 0 0 0 0 0 0 0 0 0 0 0 0 0 0 0 0 0 0 0 0 0 0 0 0 0 0 0 0 0 0 0 0 0 0 0 0 0 0 0 0 0 0 0 0 0 0 0 0 0 0 0 0 0 0 0 0 0 0 0 0 0 0 0 0 0 0 0 0 0 0 0 0 0 0 0 0 0 0 0 0 0 0 0 0 0 0 0 0 0 0 0 0 0 0 0 0 0 0 0 0 0 0 0 0 0 0 0 0 0 0 0 0 0 0 0 0 0 0 0 0 0 0 0 0 0 0 0 0 0 0 1 2 9 22 5 6 7 0 9 22 9 22 9 22 63 62 9 22 9 22 47 41 52 48 5 6 7 0 1 2 1 2 
0 0 0 0 0 0 0 0 0 0 0 0 0 0 0 0 0 0 0 0 0 0 0 0 0 0 0 0 0 0 0 0 0 0 0 0 0 0 0 0 0 0 0 0 0 0 0 0 0 0 0 0 0 0 0 0 0 0 0 0 0 0 0 0 0 0 0 0 0 0 0 0 0 0 0 0 0 0 0 0 0 0 0 0 0 0 0 0 0 0 0 0 0 0 0 0 0 0 0 0 0 0 0 0 0 0 0 0 0 0 0 0 0 0 0 0 0 0 0 0 0 0 0 0 0 0 0 0 0 0 0 0 0 0 0 0 0 0 0 0 0 0 0 0 0 0 0 0 0 0 0 0 0 0 0 0 0 0 0 0 0 0 0 0 0 0 0 0 0 0 0 0 0 0 0 0 0 0 0 0 0 0 0 0 0 0 0 0 0 0 0 0 0 0 0 0 0 0 0 0 0 0 0 0 0 0 0 0 0 0 0 0 0 0 0 0 0 0 0 0 0 0 0 0 10 11 8 9 5 6 7 0 8 9 8 9 8 63 62 9 8 9 8 9 65 69 70 71 5 6 7 0 10 11 10 11 
0 0 0 0 0 0 0 0 0 0 0 0 0 0 0 0 0 0 0 0 0 0 0 0 0 0 0 0 0 0 0 0 0 0 0 0 0 0 0 0 0 0 0 0 0 0 0 0 0 0 0 0 0 0 0 0 0 0 0 0 0 0 0 0 0 0 0 0 0 0 0 0 0 0 0 0 0 0 0 0 0 0 0 0 0 0 0 0 0 0 0 0 0 0 0 0 0 0 0 0 0 0 0 0 0 0 0 0 0 0 0 0 0 0 0 0 0 0 0 0 0 0 0 0 0 0 0 0 0 0 0 0 0 0 0 0 0 0 0 0 0 0 0 0 0 0 0 0 0 0 0 0 0 0 0 0 0 0 0 0 0 0 0 0 0 0 0 0 0 0 0 0 0 0 0 0 0 0 0 0 0 0 0 0 0 0 0 0 0 0 0 0 0 0 0 0 0 0 0 0 0 0 0 0 0 0 0 0 0 0 0 0 0 0 0 0 0 0 0 0 0 0 0 0 1 2 9 22 5 6 7 0 9 22 9 22 63 62 9 22 9 22 9 22 22 65 66 9 5 6 7 0 1 2 1 2 
0 0 0 0 0 0 0 0 0 0 0 0 0 0 0 0 0 0 0 0 0 0 0 0 0 0 0 0 0 0 0 0 0 0 0 0 0 0 0 0 0 0 0 0 0 0 0 0 0 0 0 0 0 0 0 0 0 0 0 0 0 0 0 0 0 0 0 0 0 0 0 0 0 0 0 0 0 0 0 0 0 0 0 0 0 0 0 0 0 0 0 0 0 0 0 0 0 0 0 0 0 0 0 0 0 0 0 0 0 0 0 0 0 0 0 0 0 0 0 0 0 0 0 0 0 0 0 0 0 0 0 0 0 0 0 0 0 0 0 0 0 0 0 0 0 0 0 0 0 0 0 0 0 0 0 0 0 0 0 0 0 0 0 0 0 0 0 0 0 0 0 0 0 0 0 0 0 0 0 0 0 0 0 0 0 0 0 0 0 0 0 0 0 0 0 0 0 0 0 0 0 0 0 0 0 0 0 0 0 0 0 0 0 0 0 0 0 0 0 0 0 0 0 0 10 11 8 9 5 6 7 0 8 9 8 9 62 9 8 9 8 9 8 9 9 20 29 22 5 6 7 0 10 11 10 11 
0 0 0 0 0 0 0 0 0 0 0 0 0 0 0 0 0 0 0 0 0 0 0 0 0 0 0 0 0 0 0 0 0 0 0 0 0 0 0 0 0 0 0 0 0 0 0 0 0 0 0 0 0 0 0 0 0 0 0 0 0 0 0 0 0 0 0 0 0 0 0 0 0 0 0 0 0 0 0 0 0 0 0 0 0 0 0 0 0 0 0 0 0 0 0 0 0 0 0 0 0 0 0 0 0 0 0 0 0 0 0 0 0 0 0 0 0 0 0 0 0 0 0 0 0 0 0 0 0 0 0 0 0 0 0 0 0 0 0 0 0 0 0 0 0 0 0 0 0 0 0 0 0 0 0 0 0 0 0 0 0 0 0 0 0 0 0 0 0 0 0 0 0 0 0 0 0 0 0 0 0 0 0 0 0 0 0 0 0 0 0 0 0 0 0 0 0 0 0 0 0 0 0 0 0 0 0 0 0 0 0 0 0 0 0 0 0 0 0 0 0 0 0 0 1 2 1 2 5 6 7 0 9 22 63 62 64 52 41 38 9 9 36 22 9 22 9 22 5 6 7 0 1 2 1 2 
0 0 0 0 0 0 0 0 0 0 0 0 0 0 0 0 0 0 0 0 0 0 0 0 0 0 0 0 0 0 0 0 0 0 0 0 0 0 0 0 0 0 0 0 0 0 0 0 0 0 0 0 0 0 0 0 0 0 0 0 0 0 0 0 0 0 0 0 0 0 0 0 0 0 0 0 0 0 0 0 0 0 0 0 0 0 0 0 0 0 0 0 0 0 0 0 0 0 0 0 0 0 0 0 0 0 0 0 0 0 0 0 0 0 0 0 0 0 0 0 0 0 0 0 0 0 0 0 0 0 0 0 0 0 0 0 0 0 0 0 0 0 0 0 0 0 0 0 0 0 0 0 0 0 0 0 0 0 0 0 0 0 0 0 0 0 0 0 0 0 0 0 0 0 0 0 0 0 0 0 0 0 0 0 0 0 0 0 0 0 0 0 0 0 0 0 0 0 0 0 0 0 0 0 0 0 0 0 0 0 0 0 0 0 0 0 0 0 0 0 0 0 0 0 10 11 10 11 5 6 7 0 8 63 62 9 47 51 47 48 8 64 38 36 8 9 8 9 5 6 7 0 10 11 10 11 
0 0 0 0 0 0 0 0 0 0 0 0 0 0 0 0 0 0 0 0 0 0 0 0 0 0 0 0 0 0 0 0 0 0 0 0 0 0 0 0 0 0 0 0 0 0 0 0 0 0 0 0 0 0 0 0 0 0 0 0 0 0 0 0 0 0 0 0 0 0 0 0 0 0 0 0 0 0 0 0 0 0 0 0 0 0 0 0 0 0 0 0 0 0 0 0 0 0 0 0 0 0 0 0 0 0 0 0 0 0 0 0 0 0 0 0 0 0 0 0 0 0 0 0 0 0 0 0 0 0 0 0 0 0 0 0 0 0 0 0 0 0 0 0 0 0 0 0 0 0 0 0 0 0 0 0 0 0 0 0 0 0 0 0 0 0 0 0 0 0 0 0 0 0 0 0 0 0 0 0 0 0 0 0 0 0 0 0 0 0 0 0 0 0 0 0 0 0 0 0 0 0 0 0 0 0 0 0 0 0 0 0 0 0 0 0 0 0 0 0 0 0 0 0 1 2 1 2 1 2 1 2 1 2 1 2 1 2 1 2 1 2 1 2 9 22 9 22 5 6 7 0 1 2 1 2 
0 0 0 0 0 0 0 0 0 0 0 0 0 0 0 0 0 0 0 0 0 0 0 0 0 0 0 0 0 0 0 0 0 0 0 0 0 0 0 0 0 0 0 0 0 0 0 0 0 0 0 0 0 0 0 0 0 0 0 0 0 0 0 0 0 0 0 0 0 0 0 0 0 0 0 0 0 0 0 0 0 0 0 0 0 0 0 0 0 0 0 0 0 0 0 0 0 0 0 0 0 0 0 0 0 0 0 0 0 0 0 0 0 0 0 0 0 0 0 0 0 0 0 0 0 0 0 0 0 0 0 0 0 0 0 0 0 0 0 0 0 0 0 0 0 0 0 0 0 0 0 0 0 0 0 0 0 0 0 0 0 0 0 0 0 0 0 0 0 0 0 0 0 0 0 0 0 0 0 0 0 0 0 0 0 0 0 0 0 0 0 0 0 0 0 0 0 0 0 0 0 0 0 0 0 0 0 0 0 0 0 0 0 0 0 0 0 0 0 0 0 0 0 0 10 11 10 11 10 11 10 11 10 11 10 11 10 11 10 11 10 11 10 11 8 9 8 9 5 6 7 0 10 11 10 11 
0 0 0 0 0 0 0 0 0 0 0 0 0 0 0 0 0 0 0 0 0 0 0 0 0 0 0 0 0 0 0 0 0 0 0 0 0 0 0 0 0 0 0 0 0 0 0 0 0 0 0 0 0 0 0 0 0 0 0 0 0 0 0 0 0 0 0 0 0 0 0 0 0 0 0 0 0 0 0 0 0 0 0 0 0 0 0 0 0 0 0 0 0 0 0 0 0 0 0 0 0 0 0 0 0 0 0 0 0 0 0 0 0 0 0 0 0 0 0 0 0 0 0 0 0 0 0 0 0 0 0 0 0 0 0 0 0 0 0 0 0 0 0 0 0 0 0 0 0 0 0 0 0 0 0 0 0 0 0 0 0 0 0 0 0 0 0 0 0 0 0 0 0 0 0 0 0 0 0 0 0 0 0 0 0 0 0 0 0 0 0 0 0 0 0 0 0 0 0 0 0 0 0 0 0 0 0 0 0 0 0 0 0 0 0 0 0 0 0 0 0 0 0 0 1 2 1 2 5 6 7 0 47 41 52 48 9 22 9 22 9 22 9 22 9 22 9 22 5 6 7 0 1 2 1 2 
0 0 0 0 0 0 0 0 0 0 0 0 0 0 0 0 0 0 0 0 0 0 0 0 0 0 0 0 0 0 0 0 0 0 0 0 0 0 0 0 0 0 0 0 0 0 0 0 0 0 0 0 0 0 0 0 0 0 0 0 0 0 0 0 0 0 0 0 0 0 0 0 0 0 0 0 0 0 0 0 0 0 0 0 0 0 0 0 0 0 0 0 0 0 0 0 0 0 0 0 0 0 0 0 0 0 0 0 0 0 0 0 0 0 0 0 0 0 0 0 0 0 0 0 0 0 0 0 0 0 0 0 0 0 0 0 0 0 0 0 0 0 0 0 0 0 0 0 0 0 0 0 0 0 0 0 0 0 0 0 0 0 0 0 0 0 0 0 0 0 0 0 0 0 0 0 0 0 0 0 0 0 0 0 0 0 0 0 0 0 0 0 0 0 0 0 0 0 0 0 0 0 0 0 0 0 0 0 0 0 0 0 0 0 0 0 0 0 0 0 0 0 0 0 10 11 10 11 5 6 7 0 65 69 70 71 8 9 8 9 8 9 8 9 8 9 8 9 5 6 7 0 10 11 10 11 
0 0 0 0 0 0 0 0 0 0 0 0 0 0 0 0 0 0 0 0 0 0 0 0 0 0 0 0 0 0 0 0 0 0 0 0 0 0 0 0 0 0 0 0 0 0 0 0 0 0 0 0 0 0 0 0 0 0 0 0 0 0 0 0 0 0 0 0 0 0 0 0 0 0 0 0 0 0 0 0 0 0 0 0 0 0 0 0 0 0 0 0 0 0 0 0 0 0 0 0 0 0 0 0 0 0 0 0 0 0 0 0 0 0 0 0 0 0 0 0 0 0 0 0 0 0 0 0 0 0 0 0 0 0 0 0 0 0 0 0 0 0 0 0 0 0 0 0 0 0 0 0 0 0 0 0 0 0 0 0 0 0 0 0 0 0 0 0 0 0 0 0 0 0 0 0 0 0 0 0 0 0 0 0 0 0 0 0 0 0 0 0 0 0 0 0 0 0 0 0 0 0 0 0 0 0 0 0 0 0 0 0 0 0 0 0 0 0 0 0 0 0 0 0 1 2 1 2 5 6 7 0 22 65 66 9 9 22 9 22 9 22 9 22 61 62 1 2 1 2 1 2 1 2 1 2 
0 0 0 0 0 0 0 0 0 0 0 0 0 0 0 0 0 0 0 0 0 0 0 0 0 0 0 0 0 0 0 0 0 0 0 0 0 0 0 0 0 0 0 0 0 0 0 0 0 0 0 0 0 0 0 0 0 0 0 0 0 0 0 0 0 0 0 0 0 0 0 0 0 0 0 0 0 0 0 0 0 0 0 0 0 0 0 0 0 0 0 0 0 0 0 0 0 0 0 0 0 0 0 0 0 0 0 0 0 0 0 0 0 0 0 0 0 0 0 0 0 0 0 0 0 0 0 0 0 0 0 0 0 0 0 0 0 0 0 0 0 0 0 0 0 0 0 0 0 0 0 0 0 0 0 0 0 0 0 0 0 0 0 0 0 0 0 0 0 0 0 0 0 0 0 0 0 0 0 0 0 0 0 0 0 0 0 0 0 0 0 0 0 0 0 0 0 0 0 0 0 0 0 0 0 0 0 0 0 0 0 0 0 0 0 0 0 0 0 0 0 0 0 0 10 11 10 11 5 6 7 0 9 20 29 22 8 9 8 9 8 9 8 9 62 8 10 11 10 11 10 11 10 11 10 11 
0 0 0 0 0 0 0 0 0 0 0 0 0 0 0 0 0 0 0 0 0 0 0 0 0 0 0 0 0 0 0 0 0 0 0 0 0 0 0 0 0 0 0 0 0 0 0 0 0 0 0 0 0 0 0 0 0 0 0 0 0 0 0 0 0 0 0 0 0 0 0 0 0 0 0 0 0 0 0 0 0 0 0 0 0 0 0 0 0 0 0 0 0 0 0 0 0 0 0 0 0 0 0 0 0 0 0 0 0 0 0 0 0 0 0 0 0 0 0 0 0 0 0 0 0 0 0 0 0 0 0 0 0 0 0 0 0 0 0 0 0 0 0 0 0 0 0 0 0 0 0 0 0 0 0 0 0 0 0 0 0 0 0 0 0 0 0 0 0 0 0 0 0 0 0 0 0 0 0 0 0 0 0 0 0 0 0 0 0 0 0 0 0 0 0 0 0 0 0 0 0 0 0 0 0 0 0 0 0 0 0 0 0 0 0 0 0 0 0 0 0 0 0 0 0 35 36 22 5 6 7 0 9 22 9 22 9 22 9 22 9 22 63 62 9 22 9 22 9 9 36 22 1 2 1 2 
0 0 0 0 0 0 0 0 0 0 0 0 0 0 0 0 0 0 0 0 0 0 0 0 0 0 0 0 0 0 0 0 0 0 0 0 0 0 0 0 0 0 0 0 0 0 0 0 0 0 0 0 0 0 0 0 0 0 0 0 0 0 0 0 0 0 0 0 0 0 0 0 0 0 0 0 0 0 0 0 0 0 0 0 0 0 0 0 0 0 0 0 0 0 0 0 0 0 0 0 0 0 0 0 0 0 0 0 0 0 0 0 0 0 0 0 0 0 0 0 0 0 0 0 0 0 0 0 0 0 0 0 0 0 0 0 0 0 0 0 0 0 0 0 0 0 0 0 0 0 0 0 0 0 0 0 0 0 0 0 0 0 0 0 0 0 0 0 0 0 0 0 0 0 0 0 0 0 0 0 0 0 0 0 0 0 0 0 0 0 0 0 0 0 0 0 0 0 0 0 0 0 0 0 0 0 0 0 0 0 0 0 0 0 0 0 0 0 0 0 0 0 0 0 0 37 38 9 5 6 7 0 8 9 8 9 8 9 8 9 8 63 62 9 8 9 8 9 9 64 38 9 10 11 10 11 
0 0 0 0 0 0 0 0 0 0 0 0 0 0 0 0 0 0 0 0 0 0 0 0 0 0 0 0 0 0 0 0 0 0 0 0 0 0 0 0 0 0 0 0 0 0 0 0 0 0 0 0 0 0 0 0 0 0 0 0 0 0 0 0 0 0 0 0 0 0 0 0 0 0 0 0 0 0 0 0 0 0 0 0 0 0 0 0 0 0 0 0 0 0 0 0 0 0 0 0 0 0 0 0 0 0 0 0 0 0 0 0 0 0 0 0 0 0 0 0 0 0 0 0 0 0 0 0 0 0 0 0 0 0 0 0 0 0 0 0 0 0 0 0 0 0 0 0 0 0 0 0 0 0 0 0 0 0 0 0 0 0 0 0 0 0 0 0 0 0 0 0 0 0 0 0 0 0 0 0 0 0 0 0 0 0 0 0 0 0 0 0 0 0 0 0 0 0 0 0 0 0 0 0 0 0 0 0 0 0 0 0 0 0 0 0 0 0 0 0 0 0 0 0 0 35 41 36 5 6 7 0 9 22 9 22 9 22 9 22 63 62 9 22 9 22 9 22 64 52 41 38 1 2 1 2 
0 0 0 0 0 0 0 0 0 0 0 0 0 0 0 0 0 0 0 0 0 0 0 0 0 0 0 0 0 0 0 0 0 0 0 0 0 0 0 0 0 0 0 0 0 0 0 0 0 0 0 0 0 0 0 0 0 0 0 0 0 0 0 0 0 0 0 0 0 0 0 0 0 0 0 0 0 0 0 0 0 0 0 0 0 0 0 0 0 0 0 0 0 0 0 0 0 0 0 0 0 0 0 0 0 0 0 0 0 0 0 0 0 0 0 0 0 0 0 0 0 0 0 0 0 0 0 0 0 0 0 0 0 0 0 0 0 0 0 0 0 0 0 0 0 0 0 0 0 0 0 0 0 0 0 0 0 0 0 0 0 0 0 0 0 0 0 0 0 0 0 0 0 0 0 0 0 0 0 0 0 0 0 0 0 0 0 0 0 0 0 0 0 0 0 0 0 0 0 0 0 0 0 0 0 0 0 0 0 0 0 0 0 0 0 0 0 0 0 0 0 0 0 0 0 46 47 48 5 6 7 0 8 9 8 9 8 9 8 9 62 9 8 9 8 9 8 9 47 51 47 48 10 11 10 11 
0 0 0 0 0 0 0 0 0 0 0 0 0 0 0 0 0 0 0 0 0 0 0 0 0 0 0 0 0 0 0 0 0 0 0 0 0 0 0 0 0 0 0 0 0 0 0 0 0 0 0 0 0 0 0 0 0 0 0 0 0 0 0 0 0 0 0 0 0 0 0 0 0 0 0 0 0 0 0 0 0 0 0 0 0 0 0 0 0 0 0 0 0 0 0 0 0 0 0 0 0 0 0 0 0 0 0 0 0 0 0 0 0 0 0 0 0 0 0 0 0 0 0 0 0 0 0 0 0 0 0 0 0 0 0 0 0 0 0 0 0 0 0 0 0 0 0 0 0 0 0 0 0 0 0 0 0 0 0 0 0 0 0 0 0 0 0 0 0 0 0 0 0 0 0 0 0 0 0 0 0 0 0 0 0 0 0 0 0 0 0 0 0 0 0 0 0 0 0 0 0 0 0 0 0 0 0 0 0 0 0 0 0 0 0 0 0 0 0 0 0 0 0 0 0 37 51 52 5 6 7 0 64 52 41 38 9 22 63 62 9 9 36 22 9 9 36 22 64 52 41 38 1 2 1 2 
0 0 0 0 0 0 0 0 0 0 0 0 0 0 0 0 0 0 0 0 0 0 0 0 0 0 0 0 0 0 0 0 0 0 0 0 0 0 0 0 0 0 0 0 0 0 0 0 0 0 0 0 0 0 0 0 0 0 0 0 0 0 0 0 0 0 0 0 0 0 0 0 0 0 0 0 0 0 0 0 0 0 0 0 0 0 0 0 0 0 0 0 0 0 0 0 0 0 0 0 0 0 0 0 0 0 0 0 0 0 0 0 0 0 0 0 0 0 0 0 0 0 0 0 0 0 0 0 0 0 0 0 0 0 0 0 0 0 0 0 0 0 0 0 0 0 0 0 0 0 0 0 0 0 0 0 0 0 0 0 0 0 0 0 0 0 0 0 0 0 0 0 0 0 0 0 0 0 0 0 0 0 0 0 0 0 0 0 0 0 0 0 0 0 0 0 0 0 0 0 0 0 0 0 0 0 0 0 0 0 0 0 0 0 0 0 0 0 0 0 0 0 0 0 0 35 47 51 5 6 7 0 47 51 47 48 8 63 62 9 8 64 38 36 8 64 38 36 47 51 47 48 10 11 10 11 
0 0 0 0 0 0 0 0 0 0 0 0 0 0 0 0 0 0 0 0 0 0 0 0 0 0 0 0 0 0 0 0 0 0 0 0 0 0 0 0 0 0 0 0 0 0 0 0 0 0 0 0 0 0 0 0 0 0 0 0 0 0 0 0 0 0 0 0 0 0 0 0 0 0 0 0 0 0 0 0 0 0 0 0 0 0 0 0 0 0 0 0 0 0 0 0 0 0 0 0 0 0 0 0 0 0 0 0 0 0 0 0 0 0 0 0 0 0 0 0 0 0 0 0 0 0 0 0 0 0 0 0 0 0 0 0 0 0 0 0 0 0 0 0 0 0 0 0 0 0 0 0 0 0 0 0 0 0 0 0 0 0 0 0 0 0 0 0 0 0 0 0 0 0 0 0 0 0 0 0 0 0 0 0 0 0 0 0 0 0 0 0 0 0 0 0 0 0 0 0 0 0 0 0 0 0 0 0 0 0 0 0 0 0 0 0 0 0 0 0 0 0 0 0 1 2 1 2 1 2 1 2 1 2 1 2 1 2 1 2 1 2 1 2 1 2 1 2 1 2 1 2 1 2 1 2 
0 0 0 0 0 0 0 0 0 0 0 0 0 0 0 0 0 0 0 0 0 0 0 0 0 0 0 0 0 0 0 0 0 0 0 0 0 0 0 0 0 0 0 0 0 0 0 0 0 0 0 0 0 0 0 0 0 0 0 0 0 0 0 0 0 0 0 0 0 0 0 0 0 0 0 0 0 0 0 0 0 0 0 0 0 0 0 0 0 0 0 0 0 0 0 0 0 0 0 0 0 0 0 0 0 0 0 0 0 0 0 0 0 0 0 0 0 0 0 0 0 0 0 0 0 0 0 0 0 0 0 0 0 0 0 0 0 0 0 0 0 0 0 0 0 0 0 0 0 0 0 0 0 0 0 0 0 0 0 0 0 0 0 0 0 0 0 0 0 0 0 0 0 0 0 0 0 0 0 0 0 0 0 0 0 0 0 0 0 0 0 0 0 0 0 0 0 0 0 0 0 0 0 0 0 0 0 0 0 0 0 0 0 0 0 0 0 0 0 0 0 0 0 0 10 11 10 11 10 11 10 11 10 11 10 11 10 11 10 11 10 11 10 11 10 11 10 11 10 11 10 11 10 11 10 11 
0 0 0 0 0 0 0 0 0 0 0 0 0 0 0 0 0 0 0 0 0 0 0 0 0 0 0 0 0 0 0 0 0 0 0 0 0 0 0 0 0 0 0 0 0 0 0 0 0 0 0 0 0 0 0 0 0 0 0 0 0 0 0 0 0 0 0 0 0 0 0 0 0 0 0 0 0 0 0 0 0 0 0 0 0 0 0 0 0 0 0 0 0 0 0 0 0 0 0 0 0 0 0 0 0 0 0 0 0 0 0 0 0 0 0 0 0 0 0 0 0 0 0 0 0 0 0 0 0 0 0 0 0 0 0 0 0 0 0 0 0 0 0 0 0 0 0 0 0 0 0 0 0 0 0 0 0 0 0 0 0 0 0 0 0 0 0 0 0 0 0 0 0 0 0 0 0 0 0 0 0 0 0 0 0 0 0 0 0 0 0 0 0 0 0 0 0 0 0 0 0 0 0 0 0 0 0 0 0 0 0 0 0 0 0 0 0 0 0 0 0 0 0 0 0 0 0 0 0 0 0 0 0 0 0 0 0 0 0 0 0 0 0 0 0 0 0 0 0 0 0 0 0 0 0 0 
0 0 0 0 0 0 0 0 0 0 0 0 0 0 0 0 0 0 0 0 0 0 0 0 0 0 0 0 0 0 0 0 0 0 0 0 0 0 0 0 0 0 0 0 0 0 0 0 0 0 0 0 0 0 0 0 0 0 0 0 0 0 0 0 0 0 0 0 0 0 0 0 0 0 0 0 0 0 0 0 0 0 0 0 0 0 0 0 0 0 0 0 0 0 0 0 0 0 0 0 0 0 0 0 0 0 0 0 0 0 0 0 0 0 0 0 0 0 0 0 0 0 0 0 0 0 0 0 0 0 0 0 0 0 0 0 0 0 0 0 0 0 0 0 0 0 0 0 0 0 0 0 0 0 0 0 0 0 0 0 0 0 0 0 0 0 0 0 0 0 0 0 0 0 0 0 0 0 0 0 0 0 0 0 0 0 0 0 0 0 0 0 0 0 0 0 0 0 0 0 0 0 0 0 0 0 0 0 0 0 0 0 0 0 0 0 0 0 0 0 0 0 0 0 0 0 0 0 0 0 0 0 0 0 0 0 0 0 0 0 0 0 0 0 0 0 0 0 0 0 0 0 0 0 0 0 
