170
0 21 1903 743 32 32 0 0 0 0
1 11 1793 783 224 32 0 0 0 0
2 11 2017 624 32 160 0 0 0 0
3 15 2017 688 32 32 0 0 0 0
4 9 1885 640 32 64 1854 657 1948 688
5 3 1871 644 32 32 1826 634 1948 687
6 12 1997 736 32 32 0 0 0 0
7 12 1932 633 32 32 0 0 0 0
8 12 1994 436 32 32 0 0 0 0
9 12 1930 441 32 32 0 0 0 0
10 12 1867 443 32 32 0 0 0 0
11 12 1797 443 32 32 0 0 0 0
12 9 1855 509 32 64 1855 524 1887 559
13 3 1908 463 32 32 1833 449 2015 509
14 21 1920 566 32 32 0 0 0 0
15 21 1951 534 32 32 0 0 0 0
16 11 2017 430 32 160 0 0 0 0
17 11 1983 527 32 32 0 0 0 0
18 11 1950 496 64 32 0 0 0 0
19 11 1888 495 32 64 0 0 0 0
20 11 1856 558 32 32 0 0 0 0
21 11 1824 527 32 32 0 0 0 0
22 11 1727 495 96 32 0 0 0 0
23 11 1630 495 64 32 0 0 0 0
24 11 1662 497 480 32 0 0 0 0
25 11 1662 496 32 96 0 0 0 0
26 11 1599 528 32 32 0 0 0 0
27 12 1740 444 32 32 0 0 0 0
28 12 1672 447 32 32 0 0 0 0
29 15 1888 496 32 32 0 0 0 0
30 9 1645 445 32 64 1631 460 1691 495
31 12 1613 438 32 32 0 0 0 0
32 17 1567 496 64 16 0 0 0 0
33 16 1540 445 32 96 0 0 0 0
34 12 1480 443 32 32 0 0 0 0
35 12 1417 443 32 32 0 0 0 0
36 12 1354 441 32 32 0 0 0 0
37 12 1291 441 32 32 0 0 0 0
38 12 1217 441 32 32 0 0 0 0
39 30 1993 747 24 24 1998 739 2013 780
40 30 1928 651 24 24 1947 641 1934 685
41 24 2008 681 32 32 2024 697 2024 697
42 30 1987 469 24 24 2012 440 1987 523
43 30 1927 458 24 24 1947 449 1932 491
44 30 1860 490 24 24 1887 448 1857 557
45 30 1789 459 24 24 1810 450 1793 493
46 30 1737 460 24 24 1753 450 1745 495
47 30 1667 458 24 24 1690 450 1668 491
48 30 1601 453 24 24 1627 439 1600 491
49 30 1477 460 24 24 1497 450 1481 495
50 32 1410 454 32 32 1436 446 1417 494
51 32 1346 453 32 32 1372 445 1353 493
52 32 1282 453 32 32 1309 446 1288 493
53 30 1217 457 24 24 1238 444 1220 494
54 12 1159 449 32 32 0 0 0 0
55 12 1095 446 32 32 0 0 0 0
56 30 1096 459 24 24 1116 450 1100 492
57 32 1151 455 32 32 1179 450 1155 493
58 12 1030 461 32 32 0 0 0 0
59 30 1031 466 24 24 1035 461 1052 496
60 9 1003 446 32 64 983 462 1055 495
61 11 1536 496 480 32 0 0 0 0
62 11 1504 527 32 64 0 0 0 0
63 11 1057 464 32 32 0 0 0 0
64 11 1024 495 256 32 0 0 0 0
65 11 800 463 32 32 0 0 0 0
66 21 815 456 32 32 0 0 0 0
67 12 967 444 32 32 0 0 0 0
68 30 962 456 24 24 965 445 984 492
69 30 898 464 24 24 910 476 910 476
70 12 905 469 32 32 0 0 0 0
71 12 832 460 32 32 0 0 0 0
72 30 829 459 24 24 831 450 852 493
73 6 1385 454 32 32 1268 445 1534 495
74 6 1390 453 32 32 1277 441 1536 497
75 6 1389 451 32 32 1275 437 1535 497
76 12 840 346 32 32 0 0 0 0
77 12 962 332 32 32 0 0 0 0
78 6 920 340 32 32 1018 331 855 381
79 6 922 340 32 32 1016 328 861 385
80 6 925 338 32 32 1021 327 861 382
81 12 901 251 32 32 0 0 0 0
82 30 898 265 24 24 900 254 921 301
83 30 839 346 24 24 840 337 862 379
84 30 964 401 24 24 962 332 991 495
85 6 1087 302 32 32 1211 271 996 366
86 17 1023 304 64 16 0 0 0 0
87 12 1096 321 32 32 0 0 0 0
88 12 1159 243 32 32 0 0 0 0
89 12 1223 327 32 32 0 0 0 0
90 30 1216 333 24 24 1218 324 1238 366
91 12 1414 332 32 32 0 0 0 0
92 30 1410 337 24 24 1415 333 1430 365
93 15 1376 270 32 32 0 0 0 0
94 9 1437 254 32 64 1406 271 1501 301
95 12 1290 253 32 32 0 0 0 0
96 12 1351 257 32 32 0 0 0 0
97 27 1283 263 32 32 1289 255 1310 303
98 17 1150 304 64 16 0 0 0 0
99 12 1029 249 32 32 0 0 0 0
100 6 909 253 32 32 831 236 1019 303
101 6 910 255 32 32 831 238 1022 305
102 16 768 286 32 96 0 0 0 0
103 12 518 339 32 32 0 0 0 0
104 12 581 341 32 32 0 0 0 0
105 12 644 340 32 32 0 0 0 0
106 15 705 337 32 32 0 0 0 0
107 33 689 320 32 32 705 336 705 336
108 22 487 295 64 36 0 0 0 0
109 22 417 293 64 36 0 0 0 0
110 22 353 296 64 36 0 0 0 0
111 12 453 334 32 32 0 0 0 0
112 12 389 336 32 32 0 0 0 0
113 5 399 338 32 32 509 354 322 355
114 3 213 308 32 32 138 289 321 360
115 10 210 228 32 64 226 260 226 260
116 10 207 229 32 64 223 261 223 261
117 10 290 206 32 64 306 238 306 238
118 12 139 324 32 32 0 0 0 0
119 12 69 317 32 32 0 0 0 0
120 30 63 331 24 24 65 320 86 367
121 30 127 322 24 24 131 317 147 351
122 5 473 236 32 32 339 251 640 253
123 12 708 107 32 32 0 0 0 0
124 12 646 104 32 32 0 0 0 0
125 12 577 105 32 32 0 0 0 0
126 12 517 109 32 32 0 0 0 0
127 30 512 122 24 24 517 111 532 157
128 30 576 122 24 24 580 113 596 156
129 30 639 119 24 24 643 106 660 156
130 30 706 129 24 24 704 108 732 175
131 6 445 99 32 32 223 73 699 158
132 6 445 98 32 32 221 68 702 160
133 6 445 97 32 32 220 65 702 161
134 1 60 94 65 64 93 126 93 126
135 11 1503 238 32 160 0 0 0 0
136 11 1183 367 320 32 0 0 0 0
137 11 1407 303 96 32 0 0 0 0
138 11 1246 304 96 32 0 0 0 0
139 11 1344 337 32 32 0 0 0 0
140 11 1376 270 32 32 0 0 0 0
141 11 1120 304 32 32 0 0 0 0
142 11 1087 368 64 32 0 0 0 0
143 11 992 367 64 32 0 0 0 0
144 11 832 303 160 32 0 0 0 0
145 11 990 304 32 32 0 0 0 0
146 11 799 337 128 32 0 0 0 0
147 11 673 351 32 32 0 0 0 0
148 11 673 382 32 32 0 0 0 0
149 11 511 399 160 32 0 0 0 0
150 11 480 368 32 32 0 0 0 0
151 11 477 369 480 32 0 0 0 0
152 11 0 239 32 160 0 0 0 0
153 11 129 352 32 32 0 0 0 0
154 11 192 320 32 32 0 0 0 0
155 11 225 304 32 32 0 0 0 0
156 11 257 271 448 32 0 0 0 0
157 11 702 271 32 32 0 0 0 0
158 11 735 239 64 32 0 0 0 0
159 11 735 48 32 160 0 0 0 0
160 11 703 176 32 32 0 0 0 0
161 11 223 159 480 32 0 0 0 0
162 11 191 175 192 32 0 0 0 0
163 11 0 176 32 32 0 0 0 0
164 11 0 48 32 64 0 0 0 0
165 11 1 94 32 32 0 0 0 0
166 21 159 347 32 32 0 0 0 0
167 21 655 267 32 32 0 0 0 0
168 21 673 218 32 32 0 0 0 0
169 21 832 410 32 32 0 0 0 0
