13	0	1024	1024	1024	0
14	1024	1024	1024	1024	0
113	0	512	512	512	0
114	512	512	512	512	0
1113	0	256	256	256	3	0	1	2
1114	256	256	256	256	7	2	3	4	5	6	7	8
1111	0	0	256	256	0
1112	256	0	256	256	0
111	0	0	512	512
1123	512	256	256	256	0
1124	768	256	256	256	3	11	12	15
1121	512	0	256	256	0
1122	768	0	256	256	0
112	512	0	512	512
11	0	0	1024	1024
1233	1024	768	256	256	0
1234	1280	768	256	256	0
1231	1024	512	256	256	1	14
1232	1280	512	256	256	0
123	1024	512	512	512
1243	1536	768	256	256	0
1244	1792	768	256	256	0
1241	1536	512	256	256	1	13
1242	1792	512	256	256	0
124	1536	512	512	512
1213	1024	256	256	256	1	10
1214	1280	256	256	256	1	9
1211	1024	0	256	256	0
1212	1280	0	256	256	0
121	1024	0	512	512
122	1536	0	512	512	0
12	1024	0	1024	1024
1	0	0	2048	2048
